,0
0,0.8411083188467434
1,0.8411083188467434
2,0.8411083188467434
3,0.8411083188467434
4,0.8411083188467434
5,0.8411083188467434
6,0.8411083188467434
7,0.8411083188467434
8,0.8411083188467434
9,0.8411083188467434
10,0.8411083188467434
11,0.8411083188467434
12,0.8411083188467434
13,0.8411083188467434
14,0.8411083188467434
15,0.8411083188467434
16,0.8411083188467434
17,0.8411083188467434
18,0.8411083188467434
19,0.8411083188467434
20,0.8411083188467434
21,0.8411083188467434
22,0.8411083188467434
23,0.8411083188467434
24,0.85
25,0.85
26,0.85
27,0.85
28,0.85
29,0.85
30,0.85
31,0.85
32,0.85
33,0.85
34,0.85
35,0.85
36,0.85
37,0.85
38,0.85
39,0.85
40,0.85
41,0.85
42,0.85
43,0.85
44,0.85
45,0.85
46,0.85
47,0.85
48,0.85
49,0.85
50,0.85
51,0.85
52,0.85
53,0.85
54,0.85
55,0.85
56,0.85
57,0.85
58,0.85
59,0.85
60,0.85
61,0.85
62,0.85
63,0.85
64,0.85
65,0.85
66,0.85
67,0.85
68,0.85
69,0.85
70,0.85
71,0.85
72,0.85
73,0.85
74,0.85
75,0.85
76,0.85
77,0.85
78,0.85
79,0.85
80,0.85
81,0.85
82,0.85
83,0.85
84,0.85
85,0.85
86,0.85
87,0.85
88,0.85
89,0.85
90,0.85
91,0.85
92,0.85
93,0.85
94,0.85
95,0.85
96,0.8365129992900177
97,0.8365129992900177
98,0.8365129992900177
99,0.8365129992900177
100,0.8365129992900177
101,0.8365129992900177
102,0.8365129992900177
103,0.8365129992900177
104,0.8365129992900177
105,0.8365129992900177
106,0.8365129992900177
107,0.8365129992900177
108,0.8365129992900177
109,0.8365129992900177
110,0.8365129992900177
111,0.8365129992900177
112,0.8365129992900177
113,0.8365129992900177
114,0.8365129992900177
115,0.8365129992900177
116,0.8365129992900177
117,0.8365129992900177
118,0.8365129992900177
119,0.8365129992900177
120,0.85
121,0.85
122,0.85
123,0.85
124,0.85
125,0.85
126,0.85
127,0.85
128,0.85
129,0.85
130,0.85
131,0.85
132,0.85
133,0.85
134,0.85
135,0.85
136,0.85
137,0.85
138,0.85
139,0.85
140,0.85
141,0.85
142,0.85
143,0.85
144,0.85
145,0.85
146,0.85
147,0.85
148,0.85
149,0.85
150,0.85
151,0.85
152,0.85
153,0.85
154,0.85
155,0.85
156,0.85
157,0.85
158,0.85
159,0.85
160,0.85
161,0.85
162,0.85
163,0.85
164,0.85
165,0.85
166,0.85
167,0.85
168,0.85
169,0.85
170,0.85
171,0.85
172,0.85
173,0.85
174,0.85
175,0.85
176,0.85
177,0.85
178,0.85
179,0.85
180,0.85
181,0.85
182,0.85
183,0.85
184,0.85
185,0.85
186,0.85
187,0.85
188,0.85
189,0.85
190,0.85
191,0.85
192,0.85
193,0.85
194,0.85
195,0.85
196,0.85
197,0.85
198,0.85
199,0.85
200,0.85
201,0.85
202,0.85
203,0.85
204,0.85
205,0.85
206,0.85
207,0.85
208,0.85
209,0.85
210,0.85
211,0.85
212,0.85
213,0.85
214,0.85
215,0.85
216,0.85
217,0.85
218,0.85
219,0.85
220,0.85
221,0.85
222,0.85
223,0.85
224,0.85
225,0.85
226,0.85
227,0.85
228,0.85
229,0.85
230,0.85
231,0.85
232,0.85
233,0.85
234,0.85
235,0.85
236,0.85
237,0.85
238,0.85
239,0.85
240,0.85
241,0.85
242,0.85
243,0.85
244,0.85
245,0.85
246,0.85
247,0.85
248,0.85
249,0.85
250,0.85
251,0.85
252,0.85
253,0.85
254,0.85
255,0.85
256,0.85
257,0.85
258,0.85
259,0.85
260,0.85
261,0.85
262,0.85
263,0.85
264,0.85
265,0.85
266,0.85
267,0.85
268,0.85
269,0.85
270,0.85
271,0.85
272,0.85
273,0.85
274,0.85
275,0.85
276,0.85
277,0.85
278,0.85
279,0.85
280,0.85
281,0.85
282,0.85
283,0.85
284,0.85
285,0.85
286,0.85
287,0.85
288,0.85
289,0.85
290,0.85
291,0.85
292,0.85
293,0.85
294,0.85
295,0.85
296,0.85
297,0.85
298,0.85
299,0.85
300,0.85
301,0.85
302,0.85
303,0.85
304,0.85
305,0.85
306,0.85
307,0.85
308,0.85
309,0.85
310,0.85
311,0.85
312,0.85
313,0.85
314,0.85
315,0.85
316,0.85
317,0.85
318,0.85
319,0.85
320,0.85
321,0.85
322,0.85
323,0.85
324,0.85
325,0.85
326,0.85
327,0.85
328,0.85
329,0.85
330,0.85
331,0.85
332,0.85
333,0.85
334,0.85
335,0.85
336,0.85
337,0.85
338,0.85
339,0.85
340,0.85
341,0.85
342,0.85
343,0.85
344,0.85
345,0.85
346,0.85
347,0.85
348,0.85
349,0.85
350,0.85
351,0.85
352,0.85
353,0.85
354,0.85
355,0.85
356,0.85
357,0.85
358,0.85
359,0.85
360,0.85
361,0.85
362,0.85
363,0.85
364,0.85
365,0.85
366,0.85
367,0.85
368,0.85
369,0.85
370,0.85
371,0.85
372,0.85
373,0.85
374,0.85
375,0.85
376,0.85
377,0.85
378,0.85
379,0.85
380,0.85
381,0.85
382,0.85
383,0.85
384,0.85
385,0.85
386,0.85
387,0.85
388,0.85
389,0.85
390,0.85
391,0.85
392,0.85
393,0.85
394,0.85
395,0.85
396,0.85
397,0.85
398,0.85
399,0.85
400,0.85
401,0.85
402,0.85
403,0.85
404,0.85
405,0.85
406,0.85
407,0.85
408,0.85
409,0.85
410,0.85
411,0.85
412,0.85
413,0.85
414,0.85
415,0.85
416,0.85
417,0.85
418,0.85
419,0.85
420,0.85
421,0.85
422,0.85
423,0.85
424,0.85
425,0.85
426,0.85
427,0.85
428,0.85
429,0.85
430,0.85
431,0.85
432,0.85
433,0.85
434,0.85
435,0.85
436,0.85
437,0.85
438,0.85
439,0.85
440,0.85
441,0.85
442,0.85
443,0.85
444,0.85
445,0.85
446,0.85
447,0.85
448,0.85
449,0.85
450,0.85
451,0.85
452,0.85
453,0.85
454,0.85
455,0.85
456,0.85
457,0.85
458,0.85
459,0.85
460,0.85
461,0.85
462,0.85
463,0.85
464,0.85
465,0.85
466,0.85
467,0.85
468,0.85
469,0.85
470,0.85
471,0.85
472,0.85
473,0.85
474,0.85
475,0.85
476,0.85
477,0.85
478,0.85
479,0.85
480,0.85
481,0.85
482,0.85
483,0.85
484,0.85
485,0.85
486,0.85
487,0.85
488,0.85
489,0.85
490,0.85
491,0.85
492,0.85
493,0.85
494,0.85
495,0.85
496,0.85
497,0.85
498,0.85
499,0.85
500,0.85
501,0.85
502,0.85
503,0.85
504,0.85
505,0.85
506,0.85
507,0.85
508,0.85
509,0.85
510,0.85
511,0.85
512,0.85
513,0.85
514,0.85
515,0.85
516,0.85
517,0.85
518,0.85
519,0.85
520,0.85
521,0.85
522,0.85
523,0.85
524,0.85
525,0.85
526,0.85
527,0.85
528,0.85
529,0.85
530,0.85
531,0.85
532,0.85
533,0.85
534,0.85
535,0.85
536,0.85
537,0.85
538,0.85
539,0.85
540,0.85
541,0.85
542,0.85
543,0.85
544,0.85
545,0.85
546,0.85
547,0.85
548,0.85
549,0.85
550,0.85
551,0.85
552,0.8347257763867306
553,0.8347257763867306
554,0.8347257763867306
555,0.8347257763867306
556,0.8347257763867306
557,0.8347257763867306
558,0.8347257763867306
559,0.8347257763867306
560,0.8347257763867306
561,0.8347257763867306
562,0.8347257763867306
563,0.8347257763867306
564,0.8347257763867306
565,0.8347257763867306
566,0.8347257763867306
567,0.8347257763867306
568,0.8347257763867306
569,0.8347257763867306
570,0.8347257763867306
571,0.8347257763867306
572,0.8347257763867306
573,0.8347257763867306
574,0.8347257763867306
575,0.8347257763867306
576,0.8035267824495396
577,0.8035267824495396
578,0.8035267824495396
579,0.8035267824495396
580,0.8035267824495396
581,0.8035267824495396
582,0.8035267824495396
583,0.8035267824495396
584,0.8035267824495396
585,0.8035267824495396
586,0.8035267824495396
587,0.8035267824495396
588,0.8035267824495396
589,0.8035267824495396
590,0.8035267824495396
591,0.8035267824495396
592,0.8035267824495396
593,0.8035267824495396
594,0.8035267824495396
595,0.8035267824495396
596,0.8035267824495396
597,0.8035267824495396
598,0.8035267824495396
599,0.8035267824495396
600,0.7857376672401623
601,0.7857376672401623
602,0.7857376672401623
603,0.7857376672401623
604,0.7857376672401623
605,0.7857376672401623
606,0.7857376672401623
607,0.7857376672401623
608,0.7857376672401623
609,0.7857376672401623
610,0.7857376672401623
611,0.7857376672401623
612,0.7857376672401623
613,0.7857376672401623
614,0.7857376672401623
615,0.7857376672401623
616,0.7857376672401623
617,0.7857376672401623
618,0.7857376672401623
619,0.7857376672401623
620,0.7857376672401623
621,0.7857376672401623
622,0.7857376672401623
623,0.7857376672401623
624,0.766858147189463
625,0.766858147189463
626,0.766858147189463
627,0.766858147189463
628,0.766858147189463
629,0.766858147189463
630,0.766858147189463
631,0.766858147189463
632,0.766858147189463
633,0.766858147189463
634,0.766858147189463
635,0.766858147189463
636,0.766858147189463
637,0.766858147189463
638,0.766858147189463
639,0.766858147189463
640,0.766858147189463
641,0.766858147189463
642,0.766858147189463
643,0.766858147189463
644,0.766858147189463
645,0.766858147189463
646,0.766858147189463
647,0.766858147189463
648,0.7479511032664338
649,0.7479511032664338
650,0.7479511032664338
651,0.7479511032664338
652,0.7479511032664338
653,0.7479511032664338
654,0.7479511032664338
655,0.7479511032664338
656,0.7479511032664338
657,0.7479511032664338
658,0.7479511032664338
659,0.7479511032664338
660,0.7479511032664338
661,0.7479511032664338
662,0.7479511032664338
663,0.7479511032664338
664,0.7479511032664338
665,0.7479511032664338
666,0.7479511032664338
667,0.7479511032664338
668,0.7479511032664338
669,0.7479511032664338
670,0.7479511032664338
671,0.7479511032664338
672,0.7476810200998489
673,0.7476810200998489
674,0.7476810200998489
675,0.7476810200998489
676,0.7476810200998489
677,0.7476810200998489
678,0.7476810200998489
679,0.7476810200998489
680,0.7476810200998489
681,0.7476810200998489
682,0.7476810200998489
683,0.7476810200998489
684,0.7476810200998489
685,0.7476810200998489
686,0.7476810200998489
687,0.7476810200998489
688,0.7476810200998489
689,0.7476810200998489
690,0.7476810200998489
691,0.7476810200998489
692,0.7476810200998489
693,0.7476810200998489
694,0.7476810200998489
695,0.7476810200998489
696,0.7280424385189727
697,0.7280424385189727
698,0.7280424385189727
699,0.7280424385189727
700,0.7280424385189727
701,0.7280424385189727
702,0.7280424385189727
703,0.7280424385189727
704,0.7280424385189727
705,0.7280424385189727
706,0.7280424385189727
707,0.7280424385189727
708,0.7280424385189727
709,0.7280424385189727
710,0.7280424385189727
711,0.7280424385189727
712,0.7280424385189727
713,0.7280424385189727
714,0.7280424385189727
715,0.7280424385189727
716,0.7280424385189727
717,0.7280424385189727
718,0.7280424385189727
719,0.7280424385189727
720,0.7305102040992844
721,0.7305102040992844
722,0.7305102040992844
723,0.7305102040992844
724,0.7305102040992844
725,0.7305102040992844
726,0.7305102040992844
727,0.7305102040992844
728,0.7305102040992844
729,0.7305102040992844
730,0.7305102040992844
731,0.7305102040992844
732,0.7305102040992844
733,0.7305102040992844
734,0.7305102040992844
735,0.7305102040992844
736,0.7305102040992844
737,0.7305102040992844
738,0.7305102040992844
739,0.7305102040992844
740,0.7305102040992844
741,0.7305102040992844
742,0.7305102040992844
743,0.7305102040992844
744,0.7056560095357421
745,0.7056560095357421
746,0.7056560095357421
747,0.7056560095357421
748,0.7056560095357421
749,0.7056560095357421
750,0.7056560095357421
751,0.7056560095357421
752,0.7056560095357421
753,0.7056560095357421
754,0.7056560095357421
755,0.7056560095357421
756,0.7056560095357421
757,0.7056560095357421
758,0.7056560095357421
759,0.7056560095357421
760,0.7056560095357421
761,0.7056560095357421
762,0.7056560095357421
763,0.7056560095357421
764,0.7056560095357421
765,0.7056560095357421
766,0.7056560095357421
767,0.7056560095357421
768,0.7033876105284979
769,0.7033876105284979
770,0.7033876105284979
771,0.7033876105284979
772,0.7033876105284979
773,0.7033876105284979
774,0.7033876105284979
775,0.7033876105284979
776,0.7033876105284979
777,0.7033876105284979
778,0.7033876105284979
779,0.7033876105284979
780,0.7033876105284979
781,0.7033876105284979
782,0.7033876105284979
783,0.7033876105284979
784,0.7033876105284979
785,0.7033876105284979
786,0.7033876105284979
787,0.7033876105284979
788,0.7033876105284979
789,0.7033876105284979
790,0.7033876105284979
791,0.7033876105284979
792,0.7082473981980539
793,0.7082473981980539
794,0.7082473981980539
795,0.7082473981980539
796,0.7082473981980539
797,0.7082473981980539
798,0.7082473981980539
799,0.7082473981980539
800,0.7082473981980539
801,0.7082473981980539
802,0.7082473981980539
803,0.7082473981980539
804,0.7082473981980539
805,0.7082473981980539
806,0.7082473981980539
807,0.7082473981980539
808,0.7082473981980539
809,0.7082473981980539
810,0.7082473981980539
811,0.7082473981980539
812,0.7082473981980539
813,0.7082473981980539
814,0.7082473981980539
815,0.7082473981980539
816,0.6803057144045811
817,0.6803057144045811
818,0.6803057144045811
819,0.6803057144045811
820,0.6803057144045811
821,0.6803057144045811
822,0.6803057144045811
823,0.6803057144045811
824,0.6803057144045811
825,0.6803057144045811
826,0.6803057144045811
827,0.6803057144045811
828,0.6803057144045811
829,0.6803057144045811
830,0.6803057144045811
831,0.6803057144045811
832,0.6803057144045811
833,0.6803057144045811
834,0.6803057144045811
835,0.6803057144045811
836,0.6803057144045811
837,0.6803057144045811
838,0.6803057144045811
839,0.6803057144045811
840,0.6555879720802249
841,0.6555879720802249
842,0.6555879720802249
843,0.6555879720802249
844,0.6555879720802249
845,0.6555879720802249
846,0.6555879720802249
847,0.6555879720802249
848,0.6555879720802249
849,0.6555879720802249
850,0.6555879720802249
851,0.6555879720802249
852,0.6555879720802249
853,0.6555879720802249
854,0.6555879720802249
855,0.6555879720802249
856,0.6555879720802249
857,0.6555879720802249
858,0.6555879720802249
859,0.6555879720802249
860,0.6555879720802249
861,0.6555879720802249
862,0.6555879720802249
863,0.6555879720802249
864,0.6399492937995491
865,0.6399492937995491
866,0.6399492937995491
867,0.6399492937995491
868,0.6399492937995491
869,0.6399492937995491
870,0.6399492937995491
871,0.6399492937995491
872,0.6399492937995491
873,0.6399492937995491
874,0.6399492937995491
875,0.6399492937995491
876,0.6399492937995491
877,0.6399492937995491
878,0.6399492937995491
879,0.6399492937995491
880,0.6399492937995491
881,0.6399492937995491
882,0.6399492937995491
883,0.6399492937995491
884,0.6399492937995491
885,0.6399492937995491
886,0.6399492937995491
887,0.6399492937995491
888,0.6325036130522068
889,0.6325036130522068
890,0.6325036130522068
891,0.6325036130522068
892,0.6325036130522068
893,0.6325036130522068
894,0.6325036130522068
895,0.6325036130522068
896,0.6325036130522068
897,0.6325036130522068
898,0.6325036130522068
899,0.6325036130522068
900,0.6325036130522068
901,0.6325036130522068
902,0.6325036130522068
903,0.6325036130522068
904,0.6325036130522068
905,0.6325036130522068
906,0.6325036130522068
907,0.6325036130522068
908,0.6325036130522068
909,0.6325036130522068
910,0.6325036130522068
911,0.6325036130522068
912,0.6387439411802279
913,0.6387439411802279
914,0.6387439411802279
915,0.6387439411802279
916,0.6387439411802279
917,0.6387439411802279
918,0.6387439411802279
919,0.6387439411802279
920,0.6387439411802279
921,0.6387439411802279
922,0.6387439411802279
923,0.6387439411802279
924,0.6387439411802279
925,0.6387439411802279
926,0.6387439411802279
927,0.6387439411802279
928,0.6387439411802279
929,0.6387439411802279
930,0.6387439411802279
931,0.6387439411802279
932,0.6387439411802279
933,0.6387439411802279
934,0.6387439411802279
935,0.6387439411802279
936,0.6406525723898115
937,0.6406525723898115
938,0.6406525723898115
939,0.6406525723898115
940,0.6406525723898115
941,0.6406525723898115
942,0.6406525723898115
943,0.6406525723898115
944,0.6406525723898115
945,0.6406525723898115
946,0.6406525723898115
947,0.6406525723898115
948,0.6406525723898115
949,0.6406525723898115
950,0.6406525723898115
951,0.6406525723898115
952,0.6406525723898115
953,0.6406525723898115
954,0.6406525723898115
955,0.6406525723898115
956,0.6406525723898115
957,0.6406525723898115
958,0.6406525723898115
959,0.6406525723898115
960,0.6523163164391087
961,0.6523163164391087
962,0.6523163164391087
963,0.6523163164391087
964,0.6523163164391087
965,0.6523163164391087
966,0.6523163164391087
967,0.6523163164391087
968,0.6523163164391087
969,0.6523163164391087
970,0.6523163164391087
971,0.6523163164391087
972,0.6523163164391087
973,0.6523163164391087
974,0.6523163164391087
975,0.6523163164391087
976,0.6523163164391087
977,0.6523163164391087
978,0.6523163164391087
979,0.6523163164391087
980,0.6523163164391087
981,0.6523163164391087
982,0.6523163164391087
983,0.6523163164391087
984,0.6463038161304349
985,0.6463038161304349
986,0.6463038161304349
987,0.6463038161304349
988,0.6463038161304349
989,0.6463038161304349
990,0.6463038161304349
991,0.6463038161304349
992,0.6463038161304349
993,0.6463038161304349
994,0.6463038161304349
995,0.6463038161304349
996,0.6463038161304349
997,0.6463038161304349
998,0.6463038161304349
999,0.6463038161304349
1000,0.6463038161304349
1001,0.6463038161304349
1002,0.6463038161304349
1003,0.6463038161304349
1004,0.6463038161304349
1005,0.6463038161304349
1006,0.6463038161304349
1007,0.6463038161304349
1008,0.6493027878517548
1009,0.6493027878517548
1010,0.6493027878517548
1011,0.6493027878517548
1012,0.6493027878517548
1013,0.6493027878517548
1014,0.6493027878517548
1015,0.6493027878517548
1016,0.6493027878517548
1017,0.6493027878517548
1018,0.6493027878517548
1019,0.6493027878517548
1020,0.6493027878517548
1021,0.6493027878517548
1022,0.6493027878517548
1023,0.6493027878517548
1024,0.6493027878517548
1025,0.6493027878517548
1026,0.6493027878517548
1027,0.6493027878517548
1028,0.6493027878517548
1029,0.6493027878517548
1030,0.6493027878517548
1031,0.6493027878517548
1032,0.6141411006841685
1033,0.6141411006841685
1034,0.6141411006841685
1035,0.6141411006841685
1036,0.6141411006841685
1037,0.6141411006841685
1038,0.6141411006841685
1039,0.6141411006841685
1040,0.6141411006841685
1041,0.6141411006841685
1042,0.6141411006841685
1043,0.6141411006841685
1044,0.6141411006841685
1045,0.6141411006841685
1046,0.6141411006841685
1047,0.6141411006841685
1048,0.6141411006841685
1049,0.6141411006841685
1050,0.6141411006841685
1051,0.6141411006841685
1052,0.6141411006841685
1053,0.6141411006841685
1054,0.6141411006841685
1055,0.6141411006841685
1056,0.6302530149600559
1057,0.6302530149600559
1058,0.6302530149600559
1059,0.6302530149600559
1060,0.6302530149600559
1061,0.6302530149600559
1062,0.6302530149600559
1063,0.6302530149600559
1064,0.6302530149600559
1065,0.6302530149600559
1066,0.6302530149600559
1067,0.6302530149600559
1068,0.6302530149600559
1069,0.6302530149600559
1070,0.6302530149600559
1071,0.6302530149600559
1072,0.6302530149600559
1073,0.6302530149600559
1074,0.6302530149600559
1075,0.6302530149600559
1076,0.6302530149600559
1077,0.6302530149600559
1078,0.6302530149600559
1079,0.6302530149600559
1080,0.6453484298975543
1081,0.6453484298975543
1082,0.6453484298975543
1083,0.6453484298975543
1084,0.6453484298975543
1085,0.6453484298975543
1086,0.6453484298975543
1087,0.6453484298975543
1088,0.6453484298975543
1089,0.6453484298975543
1090,0.6453484298975543
1091,0.6453484298975543
1092,0.6453484298975543
1093,0.6453484298975543
1094,0.6453484298975543
1095,0.6453484298975543
1096,0.6453484298975543
1097,0.6453484298975543
1098,0.6453484298975543
1099,0.6453484298975543
1100,0.6453484298975543
1101,0.6453484298975543
1102,0.6453484298975543
1103,0.6453484298975543
1104,0.6629865084318893
1105,0.6629865084318893
1106,0.6629865084318893
1107,0.6629865084318893
1108,0.6629865084318893
1109,0.6629865084318893
1110,0.6629865084318893
1111,0.6629865084318893
1112,0.6629865084318893
1113,0.6629865084318893
1114,0.6629865084318893
1115,0.6629865084318893
1116,0.6629865084318893
1117,0.6629865084318893
1118,0.6629865084318893
1119,0.6629865084318893
1120,0.6629865084318893
1121,0.6629865084318893
1122,0.6629865084318893
1123,0.6629865084318893
1124,0.6629865084318893
1125,0.6629865084318893
1126,0.6629865084318893
1127,0.6629865084318893
1128,0.6573007748439019
1129,0.6573007748439019
1130,0.6573007748439019
1131,0.6573007748439019
1132,0.6573007748439019
1133,0.6573007748439019
1134,0.6573007748439019
1135,0.6573007748439019
1136,0.6573007748439019
1137,0.6573007748439019
1138,0.6573007748439019
1139,0.6573007748439019
1140,0.6573007748439019
1141,0.6573007748439019
1142,0.6573007748439019
1143,0.6573007748439019
1144,0.6573007748439019
1145,0.6573007748439019
1146,0.6573007748439019
1147,0.6573007748439019
1148,0.6573007748439019
1149,0.6573007748439019
1150,0.6573007748439019
1151,0.6573007748439019
1152,0.6683139262328434
1153,0.6683139262328434
1154,0.6683139262328434
1155,0.6683139262328434
1156,0.6683139262328434
1157,0.6683139262328434
1158,0.6683139262328434
1159,0.6683139262328434
1160,0.6683139262328434
1161,0.6683139262328434
1162,0.6683139262328434
1163,0.6683139262328434
1164,0.6683139262328434
1165,0.6683139262328434
1166,0.6683139262328434
1167,0.6683139262328434
1168,0.6683139262328434
1169,0.6683139262328434
1170,0.6683139262328434
1171,0.6683139262328434
1172,0.6683139262328434
1173,0.6683139262328434
1174,0.6683139262328434
1175,0.6683139262328434
1176,0.6718413379230271
1177,0.6718413379230271
1178,0.6718413379230271
1179,0.6718413379230271
1180,0.6718413379230271
1181,0.6718413379230271
1182,0.6718413379230271
1183,0.6718413379230271
1184,0.6718413379230271
1185,0.6718413379230271
1186,0.6718413379230271
1187,0.6718413379230271
1188,0.6718413379230271
1189,0.6718413379230271
1190,0.6718413379230271
1191,0.6718413379230271
1192,0.6718413379230271
1193,0.6718413379230271
1194,0.6718413379230271
1195,0.6718413379230271
1196,0.6718413379230271
1197,0.6718413379230271
1198,0.6718413379230271
1199,0.6718413379230271
1200,0.6644620544970833
1201,0.6644620544970833
1202,0.6644620544970833
1203,0.6644620544970833
1204,0.6644620544970833
1205,0.6644620544970833
1206,0.6644620544970833
1207,0.6644620544970833
1208,0.6644620544970833
1209,0.6644620544970833
1210,0.6644620544970833
1211,0.6644620544970833
1212,0.6644620544970833
1213,0.6644620544970833
1214,0.6644620544970833
1215,0.6644620544970833
1216,0.6644620544970833
1217,0.6644620544970833
1218,0.6644620544970833
1219,0.6644620544970833
1220,0.6644620544970833
1221,0.6644620544970833
1222,0.6644620544970833
1223,0.6644620544970833
1224,0.660472839097891
1225,0.660472839097891
1226,0.660472839097891
1227,0.660472839097891
1228,0.660472839097891
1229,0.660472839097891
1230,0.660472839097891
1231,0.660472839097891
1232,0.660472839097891
1233,0.660472839097891
1234,0.660472839097891
1235,0.660472839097891
1236,0.660472839097891
1237,0.660472839097891
1238,0.660472839097891
1239,0.660472839097891
1240,0.660472839097891
1241,0.660472839097891
1242,0.660472839097891
1243,0.660472839097891
1244,0.660472839097891
1245,0.660472839097891
1246,0.660472839097891
1247,0.660472839097891
1248,0.6763006187878975
1249,0.6763006187878975
1250,0.6763006187878975
1251,0.6763006187878975
1252,0.6763006187878975
1253,0.6763006187878975
1254,0.6763006187878975
1255,0.6763006187878975
1256,0.6763006187878975
1257,0.6763006187878975
1258,0.6763006187878975
1259,0.6763006187878975
1260,0.6763006187878975
1261,0.6763006187878975
1262,0.6763006187878975
1263,0.6763006187878975
1264,0.6763006187878975
1265,0.6763006187878975
1266,0.6763006187878975
1267,0.6763006187878975
1268,0.6763006187878975
1269,0.6763006187878975
1270,0.6763006187878975
1271,0.6763006187878975
1272,0.67276787693212
1273,0.67276787693212
1274,0.67276787693212
1275,0.67276787693212
1276,0.67276787693212
1277,0.67276787693212
1278,0.67276787693212
1279,0.67276787693212
1280,0.67276787693212
1281,0.67276787693212
1282,0.67276787693212
1283,0.67276787693212
1284,0.67276787693212
1285,0.67276787693212
1286,0.67276787693212
1287,0.67276787693212
1288,0.67276787693212
1289,0.67276787693212
1290,0.67276787693212
1291,0.67276787693212
1292,0.67276787693212
1293,0.67276787693212
1294,0.67276787693212
1295,0.67276787693212
1296,0.6678965191272505
1297,0.6678965191272505
1298,0.6678965191272505
1299,0.6678965191272505
1300,0.6678965191272505
1301,0.6678965191272505
1302,0.6678965191272505
1303,0.6678965191272505
1304,0.6678965191272505
1305,0.6678965191272505
1306,0.6678965191272505
1307,0.6678965191272505
1308,0.6678965191272505
1309,0.6678965191272505
1310,0.6678965191272505
1311,0.6678965191272505
1312,0.6678965191272505
1313,0.6678965191272505
1314,0.6678965191272505
1315,0.6678965191272505
1316,0.6678965191272505
1317,0.6678965191272505
1318,0.6678965191272505
1319,0.6678965191272505
1320,0.6536265538513871
1321,0.6536265538513871
1322,0.6536265538513871
1323,0.6536265538513871
1324,0.6536265538513871
1325,0.6536265538513871
1326,0.6536265538513871
1327,0.6536265538513871
1328,0.6536265538513871
1329,0.6536265538513871
1330,0.6536265538513871
1331,0.6536265538513871
1332,0.6536265538513871
1333,0.6536265538513871
1334,0.6536265538513871
1335,0.6536265538513871
1336,0.6536265538513871
1337,0.6536265538513871
1338,0.6536265538513871
1339,0.6536265538513871
1340,0.6536265538513871
1341,0.6536265538513871
1342,0.6536265538513871
1343,0.6536265538513871
1344,0.6572062838738509
1345,0.6572062838738509
1346,0.6572062838738509
1347,0.6572062838738509
1348,0.6572062838738509
1349,0.6572062838738509
1350,0.6572062838738509
1351,0.6572062838738509
1352,0.6572062838738509
1353,0.6572062838738509
1354,0.6572062838738509
1355,0.6572062838738509
1356,0.6572062838738509
1357,0.6572062838738509
1358,0.6572062838738509
1359,0.6572062838738509
1360,0.6572062838738509
1361,0.6572062838738509
1362,0.6572062838738509
1363,0.6572062838738509
1364,0.6572062838738509
1365,0.6572062838738509
1366,0.6572062838738509
1367,0.6572062838738509
1368,0.6554076838240046
1369,0.6554076838240046
1370,0.6554076838240046
1371,0.6554076838240046
1372,0.6554076838240046
1373,0.6554076838240046
1374,0.6554076838240046
1375,0.6554076838240046
1376,0.6554076838240046
1377,0.6554076838240046
1378,0.6554076838240046
1379,0.6554076838240046
1380,0.6554076838240046
1381,0.6554076838240046
1382,0.6554076838240046
1383,0.6554076838240046
1384,0.6554076838240046
1385,0.6554076838240046
1386,0.6554076838240046
1387,0.6554076838240046
1388,0.6554076838240046
1389,0.6554076838240046
1390,0.6554076838240046
1391,0.6554076838240046
1392,0.6512516801914483
1393,0.6512516801914483
1394,0.6512516801914483
1395,0.6512516801914483
1396,0.6512516801914483
1397,0.6512516801914483
1398,0.6512516801914483
1399,0.6512516801914483
1400,0.6512516801914483
1401,0.6512516801914483
1402,0.6512516801914483
1403,0.6512516801914483
1404,0.6512516801914483
1405,0.6512516801914483
1406,0.6512516801914483
1407,0.6512516801914483
1408,0.6512516801914483
1409,0.6512516801914483
1410,0.6512516801914483
1411,0.6512516801914483
1412,0.6512516801914483
1413,0.6512516801914483
1414,0.6512516801914483
1415,0.6512516801914483
1416,0.6418200900233616
1417,0.6418200900233616
1418,0.6418200900233616
1419,0.6418200900233616
1420,0.6418200900233616
1421,0.6418200900233616
1422,0.6418200900233616
1423,0.6418200900233616
1424,0.6418200900233616
1425,0.6418200900233616
1426,0.6418200900233616
1427,0.6418200900233616
1428,0.6418200900233616
1429,0.6418200900233616
1430,0.6418200900233616
1431,0.6418200900233616
1432,0.6418200900233616
1433,0.6418200900233616
1434,0.6418200900233616
1435,0.6418200900233616
1436,0.6418200900233616
1437,0.6418200900233616
1438,0.6418200900233616
1439,0.6418200900233616
1440,0.7364243260930007
1441,0.7364243260930007
1442,0.7364243260930007
1443,0.7364243260930007
1444,0.7364243260930007
1445,0.7364243260930007
1446,0.7364243260930007
1447,0.7364243260930007
1448,0.7364243260930007
1449,0.7364243260930007
1450,0.7364243260930007
1451,0.7364243260930007
1452,0.7364243260930007
1453,0.7364243260930007
1454,0.7364243260930007
1455,0.7364243260930007
1456,0.7364243260930007
1457,0.7364243260930007
1458,0.7364243260930007
1459,0.7364243260930007
1460,0.7364243260930007
1461,0.7364243260930007
1462,0.7364243260930007
1463,0.7364243260930007
1464,0.7918422323745482
1465,0.7918422323745482
1466,0.7918422323745482
1467,0.7918422323745482
1468,0.7918422323745482
1469,0.7918422323745482
1470,0.7918422323745482
1471,0.7918422323745482
1472,0.7918422323745482
1473,0.7918422323745482
1474,0.7918422323745482
1475,0.7918422323745482
1476,0.7918422323745482
1477,0.7918422323745482
1478,0.7918422323745482
1479,0.7918422323745482
1480,0.7918422323745482
1481,0.7918422323745482
1482,0.7918422323745482
1483,0.7918422323745482
1484,0.7918422323745482
1485,0.7918422323745482
1486,0.7918422323745482
1487,0.7918422323745482
1488,0.7701972753750369
1489,0.7701972753750369
1490,0.7701972753750369
1491,0.7701972753750369
1492,0.7701972753750369
1493,0.7701972753750369
1494,0.7701972753750369
1495,0.7701972753750369
1496,0.7701972753750369
1497,0.7701972753750369
1498,0.7701972753750369
1499,0.7701972753750369
1500,0.7701972753750369
1501,0.7701972753750369
1502,0.7701972753750369
1503,0.7701972753750369
1504,0.7701972753750369
1505,0.7701972753750369
1506,0.7701972753750369
1507,0.7701972753750369
1508,0.7701972753750369
1509,0.7701972753750369
1510,0.7701972753750369
1511,0.7701972753750369
1512,0.7507145827578809
1513,0.7507145827578809
1514,0.7507145827578809
1515,0.7507145827578809
1516,0.7507145827578809
1517,0.7507145827578809
1518,0.7507145827578809
1519,0.7507145827578809
1520,0.7507145827578809
1521,0.7507145827578809
1522,0.7507145827578809
1523,0.7507145827578809
1524,0.7507145827578809
1525,0.7507145827578809
1526,0.7507145827578809
1527,0.7507145827578809
1528,0.7507145827578809
1529,0.7507145827578809
1530,0.7507145827578809
1531,0.7507145827578809
1532,0.7507145827578809
1533,0.7507145827578809
1534,0.7507145827578809
1535,0.7507145827578809
1536,0.7158163619995908
1537,0.7158163619995908
1538,0.7158163619995908
1539,0.7158163619995908
1540,0.7158163619995908
1541,0.7158163619995908
1542,0.7158163619995908
1543,0.7158163619995908
1544,0.7158163619995908
1545,0.7158163619995908
1546,0.7158163619995908
1547,0.7158163619995908
1548,0.7158163619995908
1549,0.7158163619995908
1550,0.7158163619995908
1551,0.7158163619995908
1552,0.7158163619995908
1553,0.7158163619995908
1554,0.7158163619995908
1555,0.7158163619995908
1556,0.7158163619995908
1557,0.7158163619995908
1558,0.7158163619995908
1559,0.7158163619995908
1560,0.7089816101286378
1561,0.7089816101286378
1562,0.7089816101286378
1563,0.7089816101286378
1564,0.7089816101286378
1565,0.7089816101286378
1566,0.7089816101286378
1567,0.7089816101286378
1568,0.7089816101286378
1569,0.7089816101286378
1570,0.7089816101286378
1571,0.7089816101286378
1572,0.7089816101286378
1573,0.7089816101286378
1574,0.7089816101286378
1575,0.7089816101286378
1576,0.7089816101286378
1577,0.7089816101286378
1578,0.7089816101286378
1579,0.7089816101286378
1580,0.7089816101286378
1581,0.7089816101286378
1582,0.7089816101286378
1583,0.7089816101286378
1584,0.675406088342186
1585,0.675406088342186
1586,0.675406088342186
1587,0.675406088342186
1588,0.675406088342186
1589,0.675406088342186
1590,0.675406088342186
1591,0.675406088342186
1592,0.675406088342186
1593,0.675406088342186
1594,0.675406088342186
1595,0.675406088342186
1596,0.675406088342186
1597,0.675406088342186
1598,0.675406088342186
1599,0.675406088342186
1600,0.675406088342186
1601,0.675406088342186
1602,0.675406088342186
1603,0.675406088342186
1604,0.675406088342186
1605,0.675406088342186
1606,0.675406088342186
1607,0.675406088342186
1608,0.668218121101276
1609,0.668218121101276
1610,0.668218121101276
1611,0.668218121101276
1612,0.668218121101276
1613,0.668218121101276
1614,0.668218121101276
1615,0.668218121101276
1616,0.668218121101276
1617,0.668218121101276
1618,0.668218121101276
1619,0.668218121101276
1620,0.668218121101276
1621,0.668218121101276
1622,0.668218121101276
1623,0.668218121101276
1624,0.668218121101276
1625,0.668218121101276
1626,0.668218121101276
1627,0.668218121101276
1628,0.668218121101276
1629,0.668218121101276
1630,0.668218121101276
1631,0.668218121101276
1632,0.6662653873663786
1633,0.6662653873663786
1634,0.6662653873663786
1635,0.6662653873663786
1636,0.6662653873663786
1637,0.6662653873663786
1638,0.6662653873663786
1639,0.6662653873663786
1640,0.6662653873663786
1641,0.6662653873663786
1642,0.6662653873663786
1643,0.6662653873663786
1644,0.6662653873663786
1645,0.6662653873663786
1646,0.6662653873663786
1647,0.6662653873663786
1648,0.6662653873663786
1649,0.6662653873663786
1650,0.6662653873663786
1651,0.6662653873663786
1652,0.6662653873663786
1653,0.6662653873663786
1654,0.6662653873663786
1655,0.6662653873663786
1656,0.6885358025384907
1657,0.6885358025384907
1658,0.6885358025384907
1659,0.6885358025384907
1660,0.6885358025384907
1661,0.6885358025384907
1662,0.6885358025384907
1663,0.6885358025384907
1664,0.6885358025384907
1665,0.6885358025384907
1666,0.6885358025384907
1667,0.6885358025384907
1668,0.6885358025384907
1669,0.6885358025384907
1670,0.6885358025384907
1671,0.6885358025384907
1672,0.6885358025384907
1673,0.6885358025384907
1674,0.6885358025384907
1675,0.6885358025384907
1676,0.6885358025384907
1677,0.6885358025384907
1678,0.6885358025384907
1679,0.6885358025384907
1680,0.712311254295432
1681,0.712311254295432
1682,0.712311254295432
1683,0.712311254295432
1684,0.712311254295432
1685,0.712311254295432
1686,0.712311254295432
1687,0.712311254295432
1688,0.712311254295432
1689,0.712311254295432
1690,0.712311254295432
1691,0.712311254295432
1692,0.712311254295432
1693,0.712311254295432
1694,0.712311254295432
1695,0.712311254295432
1696,0.712311254295432
1697,0.712311254295432
1698,0.712311254295432
1699,0.712311254295432
1700,0.712311254295432
1701,0.712311254295432
1702,0.712311254295432
1703,0.712311254295432
1704,0.7492374008832463
1705,0.7492374008832463
1706,0.7492374008832463
1707,0.7492374008832463
1708,0.7492374008832463
1709,0.7492374008832463
1710,0.7492374008832463
1711,0.7492374008832463
1712,0.7492374008832463
1713,0.7492374008832463
1714,0.7492374008832463
1715,0.7492374008832463
1716,0.7492374008832463
1717,0.7492374008832463
1718,0.7492374008832463
1719,0.7492374008832463
1720,0.7492374008832463
1721,0.7492374008832463
1722,0.7492374008832463
1723,0.7492374008832463
1724,0.7492374008832463
1725,0.7492374008832463
1726,0.7492374008832463
1727,0.7492374008832463
1728,0.85
1729,0.85
1730,0.85
1731,0.85
1732,0.85
1733,0.85
1734,0.85
1735,0.85
1736,0.85
1737,0.85
1738,0.85
1739,0.85
1740,0.85
1741,0.85
1742,0.85
1743,0.85
1744,0.85
1745,0.85
1746,0.85
1747,0.85
1748,0.85
1749,0.85
1750,0.85
1751,0.85
1752,0.85
1753,0.85
1754,0.85
1755,0.85
1756,0.85
1757,0.85
1758,0.85
1759,0.85
1760,0.85
1761,0.85
1762,0.85
1763,0.85
1764,0.85
1765,0.85
1766,0.85
1767,0.85
1768,0.85
1769,0.85
1770,0.85
1771,0.85
1772,0.85
1773,0.85
1774,0.85
1775,0.85
1776,0.85
1777,0.85
1778,0.85
1779,0.85
1780,0.85
1781,0.85
1782,0.85
1783,0.85
1784,0.85
1785,0.85
1786,0.85
1787,0.85
1788,0.85
1789,0.85
1790,0.85
1791,0.85
1792,0.85
1793,0.85
1794,0.85
1795,0.85
1796,0.85
1797,0.85
1798,0.85
1799,0.85
1800,0.85
1801,0.85
1802,0.85
1803,0.85
1804,0.85
1805,0.85
1806,0.85
1807,0.85
1808,0.85
1809,0.85
1810,0.85
1811,0.85
1812,0.85
1813,0.85
1814,0.85
1815,0.85
1816,0.85
1817,0.85
1818,0.85
1819,0.85
1820,0.85
1821,0.85
1822,0.85
1823,0.85
1824,0.85
1825,0.85
1826,0.85
1827,0.85
1828,0.85
1829,0.85
1830,0.85
1831,0.85
1832,0.85
1833,0.85
1834,0.85
1835,0.85
1836,0.85
1837,0.85
1838,0.85
1839,0.85
1840,0.85
1841,0.85
1842,0.85
1843,0.85
1844,0.85
1845,0.85
1846,0.85
1847,0.85
1848,0.85
1849,0.85
1850,0.85
1851,0.85
1852,0.85
1853,0.85
1854,0.85
1855,0.85
1856,0.85
1857,0.85
1858,0.85
1859,0.85
1860,0.85
1861,0.85
1862,0.85
1863,0.85
1864,0.85
1865,0.85
1866,0.85
1867,0.85
1868,0.85
1869,0.85
1870,0.85
1871,0.85
1872,0.85
1873,0.85
1874,0.85
1875,0.85
1876,0.85
1877,0.85
1878,0.85
1879,0.85
1880,0.85
1881,0.85
1882,0.85
1883,0.85
1884,0.85
1885,0.85
1886,0.85
1887,0.85
1888,0.85
1889,0.85
1890,0.85
1891,0.85
1892,0.85
1893,0.85
1894,0.85
1895,0.85
1896,0.85
1897,0.85
1898,0.85
1899,0.85
1900,0.85
1901,0.85
1902,0.85
1903,0.85
1904,0.85
1905,0.85
1906,0.85
1907,0.85
1908,0.85
1909,0.85
1910,0.85
1911,0.85
1912,0.85
1913,0.85
1914,0.85
1915,0.85
1916,0.85
1917,0.85
1918,0.85
1919,0.85
1920,0.85
1921,0.85
1922,0.85
1923,0.85
1924,0.85
1925,0.85
1926,0.85
1927,0.85
1928,0.85
1929,0.85
1930,0.85
1931,0.85
1932,0.85
1933,0.85
1934,0.85
1935,0.85
1936,0.85
1937,0.85
1938,0.85
1939,0.85
1940,0.85
1941,0.85
1942,0.85
1943,0.85
1944,0.85
1945,0.85
1946,0.85
1947,0.85
1948,0.85
1949,0.85
1950,0.85
1951,0.85
1952,0.85
1953,0.85
1954,0.85
1955,0.85
1956,0.85
1957,0.85
1958,0.85
1959,0.85
1960,0.85
1961,0.85
1962,0.85
1963,0.85
1964,0.85
1965,0.85
1966,0.85
1967,0.85
1968,0.85
1969,0.85
1970,0.85
1971,0.85
1972,0.85
1973,0.85
1974,0.85
1975,0.85
1976,0.85
1977,0.85
1978,0.85
1979,0.85
1980,0.85
1981,0.85
1982,0.85
1983,0.85
1984,0.85
1985,0.85
1986,0.85
1987,0.85
1988,0.85
1989,0.85
1990,0.85
1991,0.85
1992,0.85
1993,0.85
1994,0.85
1995,0.85
1996,0.85
1997,0.85
1998,0.85
1999,0.85
2000,0.85
2001,0.85
2002,0.85
2003,0.85
2004,0.85
2005,0.85
2006,0.85
2007,0.85
2008,0.85
2009,0.85
2010,0.85
2011,0.85
2012,0.85
2013,0.85
2014,0.85
2015,0.85
2016,0.85
2017,0.85
2018,0.85
2019,0.85
2020,0.85
2021,0.85
2022,0.85
2023,0.85
2024,0.85
2025,0.85
2026,0.85
2027,0.85
2028,0.85
2029,0.85
2030,0.85
2031,0.85
2032,0.85
2033,0.85
2034,0.85
2035,0.85
2036,0.85
2037,0.85
2038,0.85
2039,0.85
2040,0.85
2041,0.85
2042,0.85
2043,0.85
2044,0.85
2045,0.85
2046,0.85
2047,0.85
2048,0.85
2049,0.85
2050,0.85
2051,0.85
2052,0.85
2053,0.85
2054,0.85
2055,0.85
2056,0.85
2057,0.85
2058,0.85
2059,0.85
2060,0.85
2061,0.85
2062,0.85
2063,0.85
2064,0.85
2065,0.85
2066,0.85
2067,0.85
2068,0.85
2069,0.85
2070,0.85
2071,0.85
2072,0.85
2073,0.85
2074,0.85
2075,0.85
2076,0.85
2077,0.85
2078,0.85
2079,0.85
2080,0.85
2081,0.85
2082,0.85
2083,0.85
2084,0.85
2085,0.85
2086,0.85
2087,0.85
2088,0.85
2089,0.85
2090,0.85
2091,0.85
2092,0.85
2093,0.85
2094,0.85
2095,0.85
2096,0.85
2097,0.85
2098,0.85
2099,0.85
2100,0.85
2101,0.85
2102,0.85
2103,0.85
2104,0.85
2105,0.85
2106,0.85
2107,0.85
2108,0.85
2109,0.85
2110,0.85
2111,0.85
2112,0.85
2113,0.85
2114,0.85
2115,0.85
2116,0.85
2117,0.85
2118,0.85
2119,0.85
2120,0.85
2121,0.85
2122,0.85
2123,0.85
2124,0.85
2125,0.85
2126,0.85
2127,0.85
2128,0.85
2129,0.85
2130,0.85
2131,0.85
2132,0.85
2133,0.85
2134,0.85
2135,0.85
2136,0.85
2137,0.85
2138,0.85
2139,0.85
2140,0.85
2141,0.85
2142,0.85
2143,0.85
2144,0.85
2145,0.85
2146,0.85
2147,0.85
2148,0.85
2149,0.85
2150,0.85
2151,0.85
2152,0.85
2153,0.85
2154,0.85
2155,0.85
2156,0.85
2157,0.85
2158,0.85
2159,0.85
2160,0.85
2161,0.85
2162,0.85
2163,0.85
2164,0.85
2165,0.85
2166,0.85
2167,0.85
2168,0.85
2169,0.85
2170,0.85
2171,0.85
2172,0.85
2173,0.85
2174,0.85
2175,0.85
2176,0.85
2177,0.85
2178,0.85
2179,0.85
2180,0.85
2181,0.85
2182,0.85
2183,0.85
2184,0.85
2185,0.85
2186,0.85
2187,0.85
2188,0.85
2189,0.85
2190,0.85
2191,0.85
2192,0.85
2193,0.85
2194,0.85
2195,0.85
2196,0.85
2197,0.85
2198,0.85
2199,0.85
2200,0.85
2201,0.85
2202,0.85
2203,0.85
2204,0.85
2205,0.85
2206,0.85
2207,0.85
2208,0.85
2209,0.85
2210,0.85
2211,0.85
2212,0.85
2213,0.85
2214,0.85
2215,0.85
2216,0.85
2217,0.85
2218,0.85
2219,0.85
2220,0.85
2221,0.85
2222,0.85
2223,0.85
2224,0.85
2225,0.85
2226,0.85
2227,0.85
2228,0.85
2229,0.85
2230,0.85
2231,0.85
2232,0.85
2233,0.85
2234,0.85
2235,0.85
2236,0.85
2237,0.85
2238,0.85
2239,0.85
2240,0.85
2241,0.85
2242,0.85
2243,0.85
2244,0.85
2245,0.85
2246,0.85
2247,0.85
2248,0.85
2249,0.85
2250,0.85
2251,0.85
2252,0.85
2253,0.85
2254,0.85
2255,0.85
2256,0.85
2257,0.85
2258,0.85
2259,0.85
2260,0.85
2261,0.85
2262,0.85
2263,0.85
2264,0.85
2265,0.85
2266,0.85
2267,0.85
2268,0.85
2269,0.85
2270,0.85
2271,0.85
2272,0.85
2273,0.85
2274,0.85
2275,0.85
2276,0.85
2277,0.85
2278,0.85
2279,0.85
2280,0.85
2281,0.85
2282,0.85
2283,0.85
2284,0.85
2285,0.85
2286,0.85
2287,0.85
2288,0.85
2289,0.85
2290,0.85
2291,0.85
2292,0.85
2293,0.85
2294,0.85
2295,0.85
2296,0.85
2297,0.85
2298,0.85
2299,0.85
2300,0.85
2301,0.85
2302,0.85
2303,0.85
2304,0.85
2305,0.85
2306,0.85
2307,0.85
2308,0.85
2309,0.85
2310,0.85
2311,0.85
2312,0.85
2313,0.85
2314,0.85
2315,0.85
2316,0.85
2317,0.85
2318,0.85
2319,0.85
2320,0.85
2321,0.85
2322,0.85
2323,0.85
2324,0.85
2325,0.85
2326,0.85
2327,0.85
2328,0.85
2329,0.85
2330,0.85
2331,0.85
2332,0.85
2333,0.85
2334,0.85
2335,0.85
2336,0.85
2337,0.85
2338,0.85
2339,0.85
2340,0.85
2341,0.85
2342,0.85
2343,0.85
2344,0.85
2345,0.85
2346,0.85
2347,0.85
2348,0.85
2349,0.85
2350,0.85
2351,0.85
2352,0.85
2353,0.85
2354,0.85
2355,0.85
2356,0.85
2357,0.85
2358,0.85
2359,0.85
2360,0.85
2361,0.85
2362,0.85
2363,0.85
2364,0.85
2365,0.85
2366,0.85
2367,0.85
2368,0.85
2369,0.85
2370,0.85
2371,0.85
2372,0.85
2373,0.85
2374,0.85
2375,0.85
2376,0.85
2377,0.85
2378,0.85
2379,0.85
2380,0.85
2381,0.85
2382,0.85
2383,0.85
2384,0.85
2385,0.85
2386,0.85
2387,0.85
2388,0.85
2389,0.85
2390,0.85
2391,0.85
2392,0.85
2393,0.85
2394,0.85
2395,0.85
2396,0.85
2397,0.85
2398,0.85
2399,0.85
2400,0.85
2401,0.85
2402,0.85
2403,0.85
2404,0.85
2405,0.85
2406,0.85
2407,0.85
2408,0.85
2409,0.85
2410,0.85
2411,0.85
2412,0.85
2413,0.85
2414,0.85
2415,0.85
2416,0.85
2417,0.85
2418,0.85
2419,0.85
2420,0.85
2421,0.85
2422,0.85
2423,0.85
2424,0.85
2425,0.85
2426,0.85
2427,0.85
2428,0.85
2429,0.85
2430,0.85
2431,0.85
2432,0.85
2433,0.85
2434,0.85
2435,0.85
2436,0.85
2437,0.85
2438,0.85
2439,0.85
2440,0.85
2441,0.85
2442,0.85
2443,0.85
2444,0.85
2445,0.85
2446,0.85
2447,0.85
2448,0.85
2449,0.85
2450,0.85
2451,0.85
2452,0.85
2453,0.85
2454,0.85
2455,0.85
2456,0.85
2457,0.85
2458,0.85
2459,0.85
2460,0.85
2461,0.85
2462,0.85
2463,0.85
2464,0.85
2465,0.85
2466,0.85
2467,0.85
2468,0.85
2469,0.85
2470,0.85
2471,0.85
2472,0.85
2473,0.85
2474,0.85
2475,0.85
2476,0.85
2477,0.85
2478,0.85
2479,0.85
2480,0.85
2481,0.85
2482,0.85
2483,0.85
2484,0.85
2485,0.85
2486,0.85
2487,0.85
2488,0.85
2489,0.85
2490,0.85
2491,0.85
2492,0.85
2493,0.85
2494,0.85
2495,0.85
2496,0.85
2497,0.85
2498,0.85
2499,0.85
2500,0.85
2501,0.85
2502,0.85
2503,0.85
2504,0.85
2505,0.85
2506,0.85
2507,0.85
2508,0.85
2509,0.85
2510,0.85
2511,0.85
2512,0.85
2513,0.85
2514,0.85
2515,0.85
2516,0.85
2517,0.85
2518,0.85
2519,0.85
2520,0.85
2521,0.85
2522,0.85
2523,0.85
2524,0.85
2525,0.85
2526,0.85
2527,0.85
2528,0.85
2529,0.85
2530,0.85
2531,0.85
2532,0.85
2533,0.85
2534,0.85
2535,0.85
2536,0.85
2537,0.85
2538,0.85
2539,0.85
2540,0.85
2541,0.85
2542,0.85
2543,0.85
2544,0.85
2545,0.85
2546,0.85
2547,0.85
2548,0.85
2549,0.85
2550,0.85
2551,0.85
2552,0.85
2553,0.85
2554,0.85
2555,0.85
2556,0.85
2557,0.85
2558,0.85
2559,0.85
2560,0.85
2561,0.85
2562,0.85
2563,0.85
2564,0.85
2565,0.85
2566,0.85
2567,0.85
2568,0.85
2569,0.85
2570,0.85
2571,0.85
2572,0.85
2573,0.85
2574,0.85
2575,0.85
2576,0.85
2577,0.85
2578,0.85
2579,0.85
2580,0.85
2581,0.85
2582,0.85
2583,0.85
2584,0.85
2585,0.85
2586,0.85
2587,0.85
2588,0.85
2589,0.85
2590,0.85
2591,0.85
2592,0.85
2593,0.85
2594,0.85
2595,0.85
2596,0.85
2597,0.85
2598,0.85
2599,0.85
2600,0.85
2601,0.85
2602,0.85
2603,0.85
2604,0.85
2605,0.85
2606,0.85
2607,0.85
2608,0.85
2609,0.85
2610,0.85
2611,0.85
2612,0.85
2613,0.85
2614,0.85
2615,0.85
2616,0.85
2617,0.85
2618,0.85
2619,0.85
2620,0.85
2621,0.85
2622,0.85
2623,0.85
2624,0.85
2625,0.85
2626,0.85
2627,0.85
2628,0.85
2629,0.85
2630,0.85
2631,0.85
2632,0.85
2633,0.85
2634,0.85
2635,0.85
2636,0.85
2637,0.85
2638,0.85
2639,0.85
2640,0.85
2641,0.85
2642,0.85
2643,0.85
2644,0.85
2645,0.85
2646,0.85
2647,0.85
2648,0.85
2649,0.85
2650,0.85
2651,0.85
2652,0.85
2653,0.85
2654,0.85
2655,0.85
2656,0.85
2657,0.85
2658,0.85
2659,0.85
2660,0.85
2661,0.85
2662,0.85
2663,0.85
2664,0.85
2665,0.85
2666,0.85
2667,0.85
2668,0.85
2669,0.85
2670,0.85
2671,0.85
2672,0.85
2673,0.85
2674,0.85
2675,0.85
2676,0.85
2677,0.85
2678,0.85
2679,0.85
2680,0.85
2681,0.85
2682,0.85
2683,0.85
2684,0.85
2685,0.85
2686,0.85
2687,0.85
2688,0.85
2689,0.85
2690,0.85
2691,0.85
2692,0.85
2693,0.85
2694,0.85
2695,0.85
2696,0.85
2697,0.85
2698,0.85
2699,0.85
2700,0.85
2701,0.85
2702,0.85
2703,0.85
2704,0.85
2705,0.85
2706,0.85
2707,0.85
2708,0.85
2709,0.85
2710,0.85
2711,0.85
2712,0.85
2713,0.85
2714,0.85
2715,0.85
2716,0.85
2717,0.85
2718,0.85
2719,0.85
2720,0.85
2721,0.85
2722,0.85
2723,0.85
2724,0.85
2725,0.85
2726,0.85
2727,0.85
2728,0.85
2729,0.85
2730,0.85
2731,0.85
2732,0.85
2733,0.85
2734,0.85
2735,0.85
2736,0.85
2737,0.85
2738,0.85
2739,0.85
2740,0.85
2741,0.85
2742,0.85
2743,0.85
2744,0.85
2745,0.85
2746,0.85
2747,0.85
2748,0.85
2749,0.85
2750,0.85
2751,0.85
2752,0.85
2753,0.85
2754,0.85
2755,0.85
2756,0.85
2757,0.85
2758,0.85
2759,0.85
2760,0.85
2761,0.85
2762,0.85
2763,0.85
2764,0.85
2765,0.85
2766,0.85
2767,0.85
2768,0.85
2769,0.85
2770,0.85
2771,0.85
2772,0.85
2773,0.85
2774,0.85
2775,0.85
2776,0.85
2777,0.85
2778,0.85
2779,0.85
2780,0.85
2781,0.85
2782,0.85
2783,0.85
2784,0.85
2785,0.85
2786,0.85
2787,0.85
2788,0.85
2789,0.85
2790,0.85
2791,0.85
2792,0.85
2793,0.85
2794,0.85
2795,0.85
2796,0.85
2797,0.85
2798,0.85
2799,0.85
2800,0.85
2801,0.85
2802,0.85
2803,0.85
2804,0.85
2805,0.85
2806,0.85
2807,0.85
2808,0.85
2809,0.85
2810,0.85
2811,0.85
2812,0.85
2813,0.85
2814,0.85
2815,0.85
2816,0.85
2817,0.85
2818,0.85
2819,0.85
2820,0.85
2821,0.85
2822,0.85
2823,0.85
2824,0.85
2825,0.85
2826,0.85
2827,0.85
2828,0.85
2829,0.85
2830,0.85
2831,0.85
2832,0.85
2833,0.85
2834,0.85
2835,0.85
2836,0.85
2837,0.85
2838,0.85
2839,0.85
2840,0.85
2841,0.85
2842,0.85
2843,0.85
2844,0.85
2845,0.85
2846,0.85
2847,0.85
2848,0.85
2849,0.85
2850,0.85
2851,0.85
2852,0.85
2853,0.85
2854,0.85
2855,0.85
2856,0.85
2857,0.85
2858,0.85
2859,0.85
2860,0.85
2861,0.85
2862,0.85
2863,0.85
2864,0.85
2865,0.85
2866,0.85
2867,0.85
2868,0.85
2869,0.85
2870,0.85
2871,0.85
2872,0.85
2873,0.85
2874,0.85
2875,0.85
2876,0.85
2877,0.85
2878,0.85
2879,0.85
2880,0.85
2881,0.85
2882,0.85
2883,0.85
2884,0.85
2885,0.85
2886,0.85
2887,0.85
2888,0.85
2889,0.85
2890,0.85
2891,0.85
2892,0.85
2893,0.85
2894,0.85
2895,0.85
2896,0.85
2897,0.85
2898,0.85
2899,0.85
2900,0.85
2901,0.85
2902,0.85
2903,0.85
2904,0.85
2905,0.85
2906,0.85
2907,0.85
2908,0.85
2909,0.85
2910,0.85
2911,0.85
2912,0.85
2913,0.85
2914,0.85
2915,0.85
2916,0.85
2917,0.85
2918,0.85
2919,0.85
2920,0.85
2921,0.85
2922,0.85
2923,0.85
2924,0.85
2925,0.85
2926,0.85
2927,0.85
2928,0.85
2929,0.85
2930,0.85
2931,0.85
2932,0.85
2933,0.85
2934,0.85
2935,0.85
2936,0.85
2937,0.85
2938,0.85
2939,0.85
2940,0.85
2941,0.85
2942,0.85
2943,0.85
2944,0.85
2945,0.85
2946,0.85
2947,0.85
2948,0.85
2949,0.85
2950,0.85
2951,0.85
2952,0.85
2953,0.85
2954,0.85
2955,0.85
2956,0.85
2957,0.85
2958,0.85
2959,0.85
2960,0.85
2961,0.85
2962,0.85
2963,0.85
2964,0.85
2965,0.85
2966,0.85
2967,0.85
2968,0.85
2969,0.85
2970,0.85
2971,0.85
2972,0.85
2973,0.85
2974,0.85
2975,0.85
2976,0.85
2977,0.85
2978,0.85
2979,0.85
2980,0.85
2981,0.85
2982,0.85
2983,0.85
2984,0.85
2985,0.85
2986,0.85
2987,0.85
2988,0.85
2989,0.85
2990,0.85
2991,0.85
2992,0.85
2993,0.85
2994,0.85
2995,0.85
2996,0.85
2997,0.85
2998,0.85
2999,0.85
3000,0.85
3001,0.85
3002,0.85
3003,0.85
3004,0.85
3005,0.85
3006,0.85
3007,0.85
3008,0.85
3009,0.85
3010,0.85
3011,0.85
3012,0.85
3013,0.85
3014,0.85
3015,0.85
3016,0.85
3017,0.85
3018,0.85
3019,0.85
3020,0.85
3021,0.85
3022,0.85
3023,0.85
3024,0.85
3025,0.85
3026,0.85
3027,0.85
3028,0.85
3029,0.85
3030,0.85
3031,0.85
3032,0.85
3033,0.85
3034,0.85
3035,0.85
3036,0.85
3037,0.85
3038,0.85
3039,0.85
3040,0.85
3041,0.85
3042,0.85
3043,0.85
3044,0.85
3045,0.85
3046,0.85
3047,0.85
3048,0.85
3049,0.85
3050,0.85
3051,0.85
3052,0.85
3053,0.85
3054,0.85
3055,0.85
3056,0.85
3057,0.85
3058,0.85
3059,0.85
3060,0.85
3061,0.85
3062,0.85
3063,0.85
3064,0.85
3065,0.85
3066,0.85
3067,0.85
3068,0.85
3069,0.85
3070,0.85
3071,0.85
3072,0.85
3073,0.85
3074,0.85
3075,0.85
3076,0.85
3077,0.85
3078,0.85
3079,0.85
3080,0.85
3081,0.85
3082,0.85
3083,0.85
3084,0.85
3085,0.85
3086,0.85
3087,0.85
3088,0.85
3089,0.85
3090,0.85
3091,0.85
3092,0.85
3093,0.85
3094,0.85
3095,0.85
3096,0.85
3097,0.85
3098,0.85
3099,0.85
3100,0.85
3101,0.85
3102,0.85
3103,0.85
3104,0.85
3105,0.85
3106,0.85
3107,0.85
3108,0.85
3109,0.85
3110,0.85
3111,0.85
3112,0.85
3113,0.85
3114,0.85
3115,0.85
3116,0.85
3117,0.85
3118,0.85
3119,0.85
3120,0.85
3121,0.85
3122,0.85
3123,0.85
3124,0.85
3125,0.85
3126,0.85
3127,0.85
3128,0.85
3129,0.85
3130,0.85
3131,0.85
3132,0.85
3133,0.85
3134,0.85
3135,0.85
3136,0.85
3137,0.85
3138,0.85
3139,0.85
3140,0.85
3141,0.85
3142,0.85
3143,0.85
3144,0.85
3145,0.85
3146,0.85
3147,0.85
3148,0.85
3149,0.85
3150,0.85
3151,0.85
3152,0.85
3153,0.85
3154,0.85
3155,0.85
3156,0.85
3157,0.85
3158,0.85
3159,0.85
3160,0.85
3161,0.85
3162,0.85
3163,0.85
3164,0.85
3165,0.85
3166,0.85
3167,0.85
3168,0.85
3169,0.85
3170,0.85
3171,0.85
3172,0.85
3173,0.85
3174,0.85
3175,0.85
3176,0.85
3177,0.85
3178,0.85
3179,0.85
3180,0.85
3181,0.85
3182,0.85
3183,0.85
3184,0.85
3185,0.85
3186,0.85
3187,0.85
3188,0.85
3189,0.85
3190,0.85
3191,0.85
3192,0.85
3193,0.85
3194,0.85
3195,0.85
3196,0.85
3197,0.85
3198,0.85
3199,0.85
3200,0.85
3201,0.85
3202,0.85
3203,0.85
3204,0.85
3205,0.85
3206,0.85
3207,0.85
3208,0.85
3209,0.85
3210,0.85
3211,0.85
3212,0.85
3213,0.85
3214,0.85
3215,0.85
3216,0.85
3217,0.85
3218,0.85
3219,0.85
3220,0.85
3221,0.85
3222,0.85
3223,0.85
3224,0.85
3225,0.85
3226,0.85
3227,0.85
3228,0.85
3229,0.85
3230,0.85
3231,0.85
3232,0.85
3233,0.85
3234,0.85
3235,0.85
3236,0.85
3237,0.85
3238,0.85
3239,0.85
3240,0.85
3241,0.85
3242,0.85
3243,0.85
3244,0.85
3245,0.85
3246,0.85
3247,0.85
3248,0.85
3249,0.85
3250,0.85
3251,0.85
3252,0.85
3253,0.85
3254,0.85
3255,0.85
3256,0.85
3257,0.85
3258,0.85
3259,0.85
3260,0.85
3261,0.85
3262,0.85
3263,0.85
3264,0.85
3265,0.85
3266,0.85
3267,0.85
3268,0.85
3269,0.85
3270,0.85
3271,0.85
3272,0.85
3273,0.85
3274,0.85
3275,0.85
3276,0.85
3277,0.85
3278,0.85
3279,0.85
3280,0.85
3281,0.85
3282,0.85
3283,0.85
3284,0.85
3285,0.85
3286,0.85
3287,0.85
3288,0.85
3289,0.85
3290,0.85
3291,0.85
3292,0.85
3293,0.85
3294,0.85
3295,0.85
3296,0.85
3297,0.85
3298,0.85
3299,0.85
3300,0.85
3301,0.85
3302,0.85
3303,0.85
3304,0.85
3305,0.85
3306,0.85
3307,0.85
3308,0.85
3309,0.85
3310,0.85
3311,0.85
3312,0.85
3313,0.85
3314,0.85
3315,0.85
3316,0.85
3317,0.85
3318,0.85
3319,0.85
3320,0.85
3321,0.85
3322,0.85
3323,0.85
3324,0.85
3325,0.85
3326,0.85
3327,0.85
3328,0.85
3329,0.85
3330,0.85
3331,0.85
3332,0.85
3333,0.85
3334,0.85
3335,0.85
3336,0.85
3337,0.85
3338,0.85
3339,0.85
3340,0.85
3341,0.85
3342,0.85
3343,0.85
3344,0.85
3345,0.85
3346,0.85
3347,0.85
3348,0.85
3349,0.85
3350,0.85
3351,0.85
3352,0.85
3353,0.85
3354,0.85
3355,0.85
3356,0.85
3357,0.85
3358,0.85
3359,0.85
3360,0.85
3361,0.85
3362,0.85
3363,0.85
3364,0.85
3365,0.85
3366,0.85
3367,0.85
3368,0.85
3369,0.85
3370,0.85
3371,0.85
3372,0.85
3373,0.85
3374,0.85
3375,0.85
3376,0.85
3377,0.85
3378,0.85
3379,0.85
3380,0.85
3381,0.85
3382,0.85
3383,0.85
3384,0.85
3385,0.85
3386,0.85
3387,0.85
3388,0.85
3389,0.85
3390,0.85
3391,0.85
3392,0.85
3393,0.85
3394,0.85
3395,0.85
3396,0.85
3397,0.85
3398,0.85
3399,0.85
3400,0.85
3401,0.85
3402,0.85
3403,0.85
3404,0.85
3405,0.85
3406,0.85
3407,0.85
3408,0.85
3409,0.85
3410,0.85
3411,0.85
3412,0.85
3413,0.85
3414,0.85
3415,0.85
3416,0.85
3417,0.85
3418,0.85
3419,0.85
3420,0.85
3421,0.85
3422,0.85
3423,0.85
3424,0.85
3425,0.85
3426,0.85
3427,0.85
3428,0.85
3429,0.85
3430,0.85
3431,0.85
3432,0.85
3433,0.85
3434,0.85
3435,0.85
3436,0.85
3437,0.85
3438,0.85
3439,0.85
3440,0.85
3441,0.85
3442,0.85
3443,0.85
3444,0.85
3445,0.85
3446,0.85
3447,0.85
3448,0.85
3449,0.85
3450,0.85
3451,0.85
3452,0.85
3453,0.85
3454,0.85
3455,0.85
3456,0.8384031954786012
3457,0.8384031954786012
3458,0.8384031954786012
3459,0.8384031954786012
3460,0.8384031954786012
3461,0.8384031954786012
3462,0.8384031954786012
3463,0.8384031954786012
3464,0.8384031954786012
3465,0.8384031954786012
3466,0.8384031954786012
3467,0.8384031954786012
3468,0.8384031954786012
3469,0.8384031954786012
3470,0.8384031954786012
3471,0.8384031954786012
3472,0.8384031954786012
3473,0.8384031954786012
3474,0.8384031954786012
3475,0.8384031954786012
3476,0.8384031954786012
3477,0.8384031954786012
3478,0.8384031954786012
3479,0.8384031954786012
3480,0.7778018318168203
3481,0.7778018318168203
3482,0.7778018318168203
3483,0.7778018318168203
3484,0.7778018318168203
3485,0.7778018318168203
3486,0.7778018318168203
3487,0.7778018318168203
3488,0.7778018318168203
3489,0.7778018318168203
3490,0.7778018318168203
3491,0.7778018318168203
3492,0.7778018318168203
3493,0.7778018318168203
3494,0.7778018318168203
3495,0.7778018318168203
3496,0.7778018318168203
3497,0.7778018318168203
3498,0.7778018318168203
3499,0.7778018318168203
3500,0.7778018318168203
3501,0.7778018318168203
3502,0.7778018318168203
3503,0.7778018318168203
3504,0.7524643750327872
3505,0.7524643750327872
3506,0.7524643750327872
3507,0.7524643750327872
3508,0.7524643750327872
3509,0.7524643750327872
3510,0.7524643750327872
3511,0.7524643750327872
3512,0.7524643750327872
3513,0.7524643750327872
3514,0.7524643750327872
3515,0.7524643750327872
3516,0.7524643750327872
3517,0.7524643750327872
3518,0.7524643750327872
3519,0.7524643750327872
3520,0.7524643750327872
3521,0.7524643750327872
3522,0.7524643750327872
3523,0.7524643750327872
3524,0.7524643750327872
3525,0.7524643750327872
3526,0.7524643750327872
3527,0.7524643750327872
3528,0.7329446377647575
3529,0.7329446377647575
3530,0.7329446377647575
3531,0.7329446377647575
3532,0.7329446377647575
3533,0.7329446377647575
3534,0.7329446377647575
3535,0.7329446377647575
3536,0.7329446377647575
3537,0.7329446377647575
3538,0.7329446377647575
3539,0.7329446377647575
3540,0.7329446377647575
3541,0.7329446377647575
3542,0.7329446377647575
3543,0.7329446377647575
3544,0.7329446377647575
3545,0.7329446377647575
3546,0.7329446377647575
3547,0.7329446377647575
3548,0.7329446377647575
3549,0.7329446377647575
3550,0.7329446377647575
3551,0.7329446377647575
3552,0.7034994245367265
3553,0.7034994245367265
3554,0.7034994245367265
3555,0.7034994245367265
3556,0.7034994245367265
3557,0.7034994245367265
3558,0.7034994245367265
3559,0.7034994245367265
3560,0.7034994245367265
3561,0.7034994245367265
3562,0.7034994245367265
3563,0.7034994245367265
3564,0.7034994245367265
3565,0.7034994245367265
3566,0.7034994245367265
3567,0.7034994245367265
3568,0.7034994245367265
3569,0.7034994245367265
3570,0.7034994245367265
3571,0.7034994245367265
3572,0.7034994245367265
3573,0.7034994245367265
3574,0.7034994245367265
3575,0.7034994245367265
3576,0.6785437086985145
3577,0.6785437086985145
3578,0.6785437086985145
3579,0.6785437086985145
3580,0.6785437086985145
3581,0.6785437086985145
3582,0.6785437086985145
3583,0.6785437086985145
3584,0.6785437086985145
3585,0.6785437086985145
3586,0.6785437086985145
3587,0.6785437086985145
3588,0.6785437086985145
3589,0.6785437086985145
3590,0.6785437086985145
3591,0.6785437086985145
3592,0.6785437086985145
3593,0.6785437086985145
3594,0.6785437086985145
3595,0.6785437086985145
3596,0.6785437086985145
3597,0.6785437086985145
3598,0.6785437086985145
3599,0.6785437086985145
3600,0.6710599815967655
3601,0.6710599815967655
3602,0.6710599815967655
3603,0.6710599815967655
3604,0.6710599815967655
3605,0.6710599815967655
3606,0.6710599815967655
3607,0.6710599815967655
3608,0.6710599815967655
3609,0.6710599815967655
3610,0.6710599815967655
3611,0.6710599815967655
3612,0.6710599815967655
3613,0.6710599815967655
3614,0.6710599815967655
3615,0.6710599815967655
3616,0.6710599815967655
3617,0.6710599815967655
3618,0.6710599815967655
3619,0.6710599815967655
3620,0.6710599815967655
3621,0.6710599815967655
3622,0.6710599815967655
3623,0.6710599815967655
3624,0.6698726688309949
3625,0.6698726688309949
3626,0.6698726688309949
3627,0.6698726688309949
3628,0.6698726688309949
3629,0.6698726688309949
3630,0.6698726688309949
3631,0.6698726688309949
3632,0.6698726688309949
3633,0.6698726688309949
3634,0.6698726688309949
3635,0.6698726688309949
3636,0.6698726688309949
3637,0.6698726688309949
3638,0.6698726688309949
3639,0.6698726688309949
3640,0.6698726688309949
3641,0.6698726688309949
3642,0.6698726688309949
3643,0.6698726688309949
3644,0.6698726688309949
3645,0.6698726688309949
3646,0.6698726688309949
3647,0.6698726688309949
3648,0.6754223637271265
3649,0.6754223637271265
3650,0.6754223637271265
3651,0.6754223637271265
3652,0.6754223637271265
3653,0.6754223637271265
3654,0.6754223637271265
3655,0.6754223637271265
3656,0.6754223637271265
3657,0.6754223637271265
3658,0.6754223637271265
3659,0.6754223637271265
3660,0.6754223637271265
3661,0.6754223637271265
3662,0.6754223637271265
3663,0.6754223637271265
3664,0.6754223637271265
3665,0.6754223637271265
3666,0.6754223637271265
3667,0.6754223637271265
3668,0.6754223637271265
3669,0.6754223637271265
3670,0.6754223637271265
3671,0.6754223637271265
3672,0.6905469107765744
3673,0.6905469107765744
3674,0.6905469107765744
3675,0.6905469107765744
3676,0.6905469107765744
3677,0.6905469107765744
3678,0.6905469107765744
3679,0.6905469107765744
3680,0.6905469107765744
3681,0.6905469107765744
3682,0.6905469107765744
3683,0.6905469107765744
3684,0.6905469107765744
3685,0.6905469107765744
3686,0.6905469107765744
3687,0.6905469107765744
3688,0.6905469107765744
3689,0.6905469107765744
3690,0.6905469107765744
3691,0.6905469107765744
3692,0.6905469107765744
3693,0.6905469107765744
3694,0.6905469107765744
3695,0.6905469107765744
3696,0.7503015960137543
3697,0.7503015960137543
3698,0.7503015960137543
3699,0.7503015960137543
3700,0.7503015960137543
3701,0.7503015960137543
3702,0.7503015960137543
3703,0.7503015960137543
3704,0.7503015960137543
3705,0.7503015960137543
3706,0.7503015960137543
3707,0.7503015960137543
3708,0.7503015960137543
3709,0.7503015960137543
3710,0.7503015960137543
3711,0.7503015960137543
3712,0.7503015960137543
3713,0.7503015960137543
3714,0.7503015960137543
3715,0.7503015960137543
3716,0.7503015960137543
3717,0.7503015960137543
3718,0.7503015960137543
3719,0.7503015960137543
3720,0.85
3721,0.85
3722,0.85
3723,0.85
3724,0.85
3725,0.85
3726,0.85
3727,0.85
3728,0.85
3729,0.85
3730,0.85
3731,0.85
3732,0.85
3733,0.85
3734,0.85
3735,0.85
3736,0.85
3737,0.85
3738,0.85
3739,0.85
3740,0.85
3741,0.85
3742,0.85
3743,0.85
3744,0.85
3745,0.85
3746,0.85
3747,0.85
3748,0.85
3749,0.85
3750,0.85
3751,0.85
3752,0.85
3753,0.85
3754,0.85
3755,0.85
3756,0.85
3757,0.85
3758,0.85
3759,0.85
3760,0.85
3761,0.85
3762,0.85
3763,0.85
3764,0.85
3765,0.85
3766,0.85
3767,0.85
3768,0.8274550996797184
3769,0.8274550996797184
3770,0.8274550996797184
3771,0.8274550996797184
3772,0.8274550996797184
3773,0.8274550996797184
3774,0.8274550996797184
3775,0.8274550996797184
3776,0.8274550996797184
3777,0.8274550996797184
3778,0.8274550996797184
3779,0.8274550996797184
3780,0.8274550996797184
3781,0.8274550996797184
3782,0.8274550996797184
3783,0.8274550996797184
3784,0.8274550996797184
3785,0.8274550996797184
3786,0.8274550996797184
3787,0.8274550996797184
3788,0.8274550996797184
3789,0.8274550996797184
3790,0.8274550996797184
3791,0.8274550996797184
3792,0.7616566775255007
3793,0.7616566775255007
3794,0.7616566775255007
3795,0.7616566775255007
3796,0.7616566775255007
3797,0.7616566775255007
3798,0.7616566775255007
3799,0.7616566775255007
3800,0.7616566775255007
3801,0.7616566775255007
3802,0.7616566775255007
3803,0.7616566775255007
3804,0.7616566775255007
3805,0.7616566775255007
3806,0.7616566775255007
3807,0.7616566775255007
3808,0.7616566775255007
3809,0.7616566775255007
3810,0.7616566775255007
3811,0.7616566775255007
3812,0.7616566775255007
3813,0.7616566775255007
3814,0.7616566775255007
3815,0.7616566775255007
3816,0.7063330048956654
3817,0.7063330048956654
3818,0.7063330048956654
3819,0.7063330048956654
3820,0.7063330048956654
3821,0.7063330048956654
3822,0.7063330048956654
3823,0.7063330048956654
3824,0.7063330048956654
3825,0.7063330048956654
3826,0.7063330048956654
3827,0.7063330048956654
3828,0.7063330048956654
3829,0.7063330048956654
3830,0.7063330048956654
3831,0.7063330048956654
3832,0.7063330048956654
3833,0.7063330048956654
3834,0.7063330048956654
3835,0.7063330048956654
3836,0.7063330048956654
3837,0.7063330048956654
3838,0.7063330048956654
3839,0.7063330048956654
3840,0.6834792582390198
3841,0.6834792582390198
3842,0.6834792582390198
3843,0.6834792582390198
3844,0.6834792582390198
3845,0.6834792582390198
3846,0.6834792582390198
3847,0.6834792582390198
3848,0.6834792582390198
3849,0.6834792582390198
3850,0.6834792582390198
3851,0.6834792582390198
3852,0.6834792582390198
3853,0.6834792582390198
3854,0.6834792582390198
3855,0.6834792582390198
3856,0.6834792582390198
3857,0.6834792582390198
3858,0.6834792582390198
3859,0.6834792582390198
3860,0.6834792582390198
3861,0.6834792582390198
3862,0.6834792582390198
3863,0.6834792582390198
3864,0.6662447743294382
3865,0.6662447743294382
3866,0.6662447743294382
3867,0.6662447743294382
3868,0.6662447743294382
3869,0.6662447743294382
3870,0.6662447743294382
3871,0.6662447743294382
3872,0.6662447743294382
3873,0.6662447743294382
3874,0.6662447743294382
3875,0.6662447743294382
3876,0.6662447743294382
3877,0.6662447743294382
3878,0.6662447743294382
3879,0.6662447743294382
3880,0.6662447743294382
3881,0.6662447743294382
3882,0.6662447743294382
3883,0.6662447743294382
3884,0.6662447743294382
3885,0.6662447743294382
3886,0.6662447743294382
3887,0.6662447743294382
3888,0.6476720696382137
3889,0.6476720696382137
3890,0.6476720696382137
3891,0.6476720696382137
3892,0.6476720696382137
3893,0.6476720696382137
3894,0.6476720696382137
3895,0.6476720696382137
3896,0.6476720696382137
3897,0.6476720696382137
3898,0.6476720696382137
3899,0.6476720696382137
3900,0.6476720696382137
3901,0.6476720696382137
3902,0.6476720696382137
3903,0.6476720696382137
3904,0.6476720696382137
3905,0.6476720696382137
3906,0.6476720696382137
3907,0.6476720696382137
3908,0.6476720696382137
3909,0.6476720696382137
3910,0.6476720696382137
3911,0.6476720696382137
3912,0.6299409245746321
3913,0.6299409245746321
3914,0.6299409245746321
3915,0.6299409245746321
3916,0.6299409245746321
3917,0.6299409245746321
3918,0.6299409245746321
3919,0.6299409245746321
3920,0.6299409245746321
3921,0.6299409245746321
3922,0.6299409245746321
3923,0.6299409245746321
3924,0.6299409245746321
3925,0.6299409245746321
3926,0.6299409245746321
3927,0.6299409245746321
3928,0.6299409245746321
3929,0.6299409245746321
3930,0.6299409245746321
3931,0.6299409245746321
3932,0.6299409245746321
3933,0.6299409245746321
3934,0.6299409245746321
3935,0.6299409245746321
3936,0.6067683329261649
3937,0.6067683329261649
3938,0.6067683329261649
3939,0.6067683329261649
3940,0.6067683329261649
3941,0.6067683329261649
3942,0.6067683329261649
3943,0.6067683329261649
3944,0.6067683329261649
3945,0.6067683329261649
3946,0.6067683329261649
3947,0.6067683329261649
3948,0.6067683329261649
3949,0.6067683329261649
3950,0.6067683329261649
3951,0.6067683329261649
3952,0.6067683329261649
3953,0.6067683329261649
3954,0.6067683329261649
3955,0.6067683329261649
3956,0.6067683329261649
3957,0.6067683329261649
3958,0.6067683329261649
3959,0.6067683329261649
3960,0.5830718503294692
3961,0.5830718503294692
3962,0.5830718503294692
3963,0.5830718503294692
3964,0.5830718503294692
3965,0.5830718503294692
3966,0.5830718503294692
3967,0.5830718503294692
3968,0.5830718503294692
3969,0.5830718503294692
3970,0.5830718503294692
3971,0.5830718503294692
3972,0.5830718503294692
3973,0.5830718503294692
3974,0.5830718503294692
3975,0.5830718503294692
3976,0.5830718503294692
3977,0.5830718503294692
3978,0.5830718503294692
3979,0.5830718503294692
3980,0.5830718503294692
3981,0.5830718503294692
3982,0.5830718503294692
3983,0.5830718503294692
3984,0.5717990095968497
3985,0.5717990095968497
3986,0.5717990095968497
3987,0.5717990095968497
3988,0.5717990095968497
3989,0.5717990095968497
3990,0.5717990095968497
3991,0.5717990095968497
3992,0.5717990095968497
3993,0.5717990095968497
3994,0.5717990095968497
3995,0.5717990095968497
3996,0.5717990095968497
3997,0.5717990095968497
3998,0.5717990095968497
3999,0.5717990095968497
4000,0.5717990095968497
4001,0.5717990095968497
4002,0.5717990095968497
4003,0.5717990095968497
4004,0.5717990095968497
4005,0.5717990095968497
4006,0.5717990095968497
4007,0.5717990095968497
4008,0.5665001633214634
4009,0.5665001633214634
4010,0.5665001633214634
4011,0.5665001633214634
4012,0.5665001633214634
4013,0.5665001633214634
4014,0.5665001633214634
4015,0.5665001633214634
4016,0.5665001633214634
4017,0.5665001633214634
4018,0.5665001633214634
4019,0.5665001633214634
4020,0.5665001633214634
4021,0.5665001633214634
4022,0.5665001633214634
4023,0.5665001633214634
4024,0.5665001633214634
4025,0.5665001633214634
4026,0.5665001633214634
4027,0.5665001633214634
4028,0.5665001633214634
4029,0.5665001633214634
4030,0.5665001633214634
4031,0.5665001633214634
4032,0.5638633763522023
4033,0.5638633763522023
4034,0.5638633763522023
4035,0.5638633763522023
4036,0.5638633763522023
4037,0.5638633763522023
4038,0.5638633763522023
4039,0.5638633763522023
4040,0.5638633763522023
4041,0.5638633763522023
4042,0.5638633763522023
4043,0.5638633763522023
4044,0.5638633763522023
4045,0.5638633763522023
4046,0.5638633763522023
4047,0.5638633763522023
4048,0.5638633763522023
4049,0.5638633763522023
4050,0.5638633763522023
4051,0.5638633763522023
4052,0.5638633763522023
4053,0.5638633763522023
4054,0.5638633763522023
4055,0.5638633763522023
4056,0.5546542286982253
4057,0.5546542286982253
4058,0.5546542286982253
4059,0.5546542286982253
4060,0.5546542286982253
4061,0.5546542286982253
4062,0.5546542286982253
4063,0.5546542286982253
4064,0.5546542286982253
4065,0.5546542286982253
4066,0.5546542286982253
4067,0.5546542286982253
4068,0.5546542286982253
4069,0.5546542286982253
4070,0.5546542286982253
4071,0.5546542286982253
4072,0.5546542286982253
4073,0.5546542286982253
4074,0.5546542286982253
4075,0.5546542286982253
4076,0.5546542286982253
4077,0.5546542286982253
4078,0.5546542286982253
4079,0.5546542286982253
4080,0.5702258755515963
4081,0.5702258755515963
4082,0.5702258755515963
4083,0.5702258755515963
4084,0.5702258755515963
4085,0.5702258755515963
4086,0.5702258755515963
4087,0.5702258755515963
4088,0.5702258755515963
4089,0.5702258755515963
4090,0.5702258755515963
4091,0.5702258755515963
4092,0.5702258755515963
4093,0.5702258755515963
4094,0.5702258755515963
4095,0.5702258755515963
4096,0.5702258755515963
4097,0.5702258755515963
4098,0.5702258755515963
4099,0.5702258755515963
4100,0.5702258755515963
4101,0.5702258755515963
4102,0.5702258755515963
4103,0.5702258755515963
4104,0.578526652709201
4105,0.578526652709201
4106,0.578526652709201
4107,0.578526652709201
4108,0.578526652709201
4109,0.578526652709201
4110,0.578526652709201
4111,0.578526652709201
4112,0.578526652709201
4113,0.578526652709201
4114,0.578526652709201
4115,0.578526652709201
4116,0.578526652709201
4117,0.578526652709201
4118,0.578526652709201
4119,0.578526652709201
4120,0.578526652709201
4121,0.578526652709201
4122,0.578526652709201
4123,0.578526652709201
4124,0.578526652709201
4125,0.578526652709201
4126,0.578526652709201
4127,0.578526652709201
4128,0.5610509604266452
4129,0.5610509604266452
4130,0.5610509604266452
4131,0.5610509604266452
4132,0.5610509604266452
4133,0.5610509604266452
4134,0.5610509604266452
4135,0.5610509604266452
4136,0.5610509604266452
4137,0.5610509604266452
4138,0.5610509604266452
4139,0.5610509604266452
4140,0.5610509604266452
4141,0.5610509604266452
4142,0.5610509604266452
4143,0.5610509604266452
4144,0.5610509604266452
4145,0.5610509604266452
4146,0.5610509604266452
4147,0.5610509604266452
4148,0.5610509604266452
4149,0.5610509604266452
4150,0.5610509604266452
4151,0.5610509604266452
4152,0.5430912891082252
4153,0.5430912891082252
4154,0.5430912891082252
4155,0.5430912891082252
4156,0.5430912891082252
4157,0.5430912891082252
4158,0.5430912891082252
4159,0.5430912891082252
4160,0.5430912891082252
4161,0.5430912891082252
4162,0.5430912891082252
4163,0.5430912891082252
4164,0.5430912891082252
4165,0.5430912891082252
4166,0.5430912891082252
4167,0.5430912891082252
4168,0.5430912891082252
4169,0.5430912891082252
4170,0.5430912891082252
4171,0.5430912891082252
4172,0.5430912891082252
4173,0.5430912891082252
4174,0.5430912891082252
4175,0.5430912891082252
4176,0.5371430356748307
4177,0.5371430356748307
4178,0.5371430356748307
4179,0.5371430356748307
4180,0.5371430356748307
4181,0.5371430356748307
4182,0.5371430356748307
4183,0.5371430356748307
4184,0.5371430356748307
4185,0.5371430356748307
4186,0.5371430356748307
4187,0.5371430356748307
4188,0.5371430356748307
4189,0.5371430356748307
4190,0.5371430356748307
4191,0.5371430356748307
4192,0.5371430356748307
4193,0.5371430356748307
4194,0.5371430356748307
4195,0.5371430356748307
4196,0.5371430356748307
4197,0.5371430356748307
4198,0.5371430356748307
4199,0.5371430356748307
4200,0.540189537769337
4201,0.540189537769337
4202,0.540189537769337
4203,0.540189537769337
4204,0.540189537769337
4205,0.540189537769337
4206,0.540189537769337
4207,0.540189537769337
4208,0.540189537769337
4209,0.540189537769337
4210,0.540189537769337
4211,0.540189537769337
4212,0.540189537769337
4213,0.540189537769337
4214,0.540189537769337
4215,0.540189537769337
4216,0.540189537769337
4217,0.540189537769337
4218,0.540189537769337
4219,0.540189537769337
4220,0.540189537769337
4221,0.540189537769337
4222,0.540189537769337
4223,0.540189537769337
4224,0.5369478229549496
4225,0.5369478229549496
4226,0.5369478229549496
4227,0.5369478229549496
4228,0.5369478229549496
4229,0.5369478229549496
4230,0.5369478229549496
4231,0.5369478229549496
4232,0.5369478229549496
4233,0.5369478229549496
4234,0.5369478229549496
4235,0.5369478229549496
4236,0.5369478229549496
4237,0.5369478229549496
4238,0.5369478229549496
4239,0.5369478229549496
4240,0.5369478229549496
4241,0.5369478229549496
4242,0.5369478229549496
4243,0.5369478229549496
4244,0.5369478229549496
4245,0.5369478229549496
4246,0.5369478229549496
4247,0.5369478229549496
4248,0.5356472074105604
4249,0.5356472074105604
4250,0.5356472074105604
4251,0.5356472074105604
4252,0.5356472074105604
4253,0.5356472074105604
4254,0.5356472074105604
4255,0.5356472074105604
4256,0.5356472074105604
4257,0.5356472074105604
4258,0.5356472074105604
4259,0.5356472074105604
4260,0.5356472074105604
4261,0.5356472074105604
4262,0.5356472074105604
4263,0.5356472074105604
4264,0.5356472074105604
4265,0.5356472074105604
4266,0.5356472074105604
4267,0.5356472074105604
4268,0.5356472074105604
4269,0.5356472074105604
4270,0.5356472074105604
4271,0.5356472074105604
4272,0.5357453835468233
4273,0.5357453835468233
4274,0.5357453835468233
4275,0.5357453835468233
4276,0.5357453835468233
4277,0.5357453835468233
4278,0.5357453835468233
4279,0.5357453835468233
4280,0.5357453835468233
4281,0.5357453835468233
4282,0.5357453835468233
4283,0.5357453835468233
4284,0.5357453835468233
4285,0.5357453835468233
4286,0.5357453835468233
4287,0.5357453835468233
4288,0.5357453835468233
4289,0.5357453835468233
4290,0.5357453835468233
4291,0.5357453835468233
4292,0.5357453835468233
4293,0.5357453835468233
4294,0.5357453835468233
4295,0.5357453835468233
4296,0.5217124452209259
4297,0.5217124452209259
4298,0.5217124452209259
4299,0.5217124452209259
4300,0.5217124452209259
4301,0.5217124452209259
4302,0.5217124452209259
4303,0.5217124452209259
4304,0.5217124452209259
4305,0.5217124452209259
4306,0.5217124452209259
4307,0.5217124452209259
4308,0.5217124452209259
4309,0.5217124452209259
4310,0.5217124452209259
4311,0.5217124452209259
4312,0.5217124452209259
4313,0.5217124452209259
4314,0.5217124452209259
4315,0.5217124452209259
4316,0.5217124452209259
4317,0.5217124452209259
4318,0.5217124452209259
4319,0.5217124452209259
4320,0.5197125027607664
4321,0.5197125027607664
4322,0.5197125027607664
4323,0.5197125027607664
4324,0.5197125027607664
4325,0.5197125027607664
4326,0.5197125027607664
4327,0.5197125027607664
4328,0.5197125027607664
4329,0.5197125027607664
4330,0.5197125027607664
4331,0.5197125027607664
4332,0.5197125027607664
4333,0.5197125027607664
4334,0.5197125027607664
4335,0.5197125027607664
4336,0.5197125027607664
4337,0.5197125027607664
4338,0.5197125027607664
4339,0.5197125027607664
4340,0.5197125027607664
4341,0.5197125027607664
4342,0.5197125027607664
4343,0.5197125027607664
4344,0.5178942729976317
4345,0.5178942729976317
4346,0.5178942729976317
4347,0.5178942729976317
4348,0.5178942729976317
4349,0.5178942729976317
4350,0.5178942729976317
4351,0.5178942729976317
4352,0.5178942729976317
4353,0.5178942729976317
4354,0.5178942729976317
4355,0.5178942729976317
4356,0.5178942729976317
4357,0.5178942729976317
4358,0.5178942729976317
4359,0.5178942729976317
4360,0.5178942729976317
4361,0.5178942729976317
4362,0.5178942729976317
4363,0.5178942729976317
4364,0.5178942729976317
4365,0.5178942729976317
4366,0.5178942729976317
4367,0.5178942729976317
4368,0.5128875473665759
4369,0.5128875473665759
4370,0.5128875473665759
4371,0.5128875473665759
4372,0.5128875473665759
4373,0.5128875473665759
4374,0.5128875473665759
4375,0.5128875473665759
4376,0.5128875473665759
4377,0.5128875473665759
4378,0.5128875473665759
4379,0.5128875473665759
4380,0.5128875473665759
4381,0.5128875473665759
4382,0.5128875473665759
4383,0.5128875473665759
4384,0.5128875473665759
4385,0.5128875473665759
4386,0.5128875473665759
4387,0.5128875473665759
4388,0.5128875473665759
4389,0.5128875473665759
4390,0.5128875473665759
4391,0.5128875473665759
4392,0.49930660708298374
4393,0.49930660708298374
4394,0.49930660708298374
4395,0.49930660708298374
4396,0.49930660708298374
4397,0.49930660708298374
4398,0.49930660708298374
4399,0.49930660708298374
4400,0.49930660708298374
4401,0.49930660708298374
4402,0.49930660708298374
4403,0.49930660708298374
4404,0.49930660708298374
4405,0.49930660708298374
4406,0.49930660708298374
4407,0.49930660708298374
4408,0.49930660708298374
4409,0.49930660708298374
4410,0.49930660708298374
4411,0.49930660708298374
4412,0.49930660708298374
4413,0.49930660708298374
4414,0.49930660708298374
4415,0.49930660708298374
4416,0.49717466950486633
4417,0.49717466950486633
4418,0.49717466950486633
4419,0.49717466950486633
4420,0.49717466950486633
4421,0.49717466950486633
4422,0.49717466950486633
4423,0.49717466950486633
4424,0.49717466950486633
4425,0.49717466950486633
4426,0.49717466950486633
4427,0.49717466950486633
4428,0.49717466950486633
4429,0.49717466950486633
4430,0.49717466950486633
4431,0.49717466950486633
4432,0.49717466950486633
4433,0.49717466950486633
4434,0.49717466950486633
4435,0.49717466950486633
4436,0.49717466950486633
4437,0.49717466950486633
4438,0.49717466950486633
4439,0.49717466950486633
4440,0.5107254484031536
4441,0.5107254484031536
4442,0.5107254484031536
4443,0.5107254484031536
4444,0.5107254484031536
4445,0.5107254484031536
4446,0.5107254484031536
4447,0.5107254484031536
4448,0.5107254484031536
4449,0.5107254484031536
4450,0.5107254484031536
4451,0.5107254484031536
4452,0.5107254484031536
4453,0.5107254484031536
4454,0.5107254484031536
4455,0.5107254484031536
4456,0.5107254484031536
4457,0.5107254484031536
4458,0.5107254484031536
4459,0.5107254484031536
4460,0.5107254484031536
4461,0.5107254484031536
4462,0.5107254484031536
4463,0.5107254484031536
4464,0.5254168551685673
4465,0.5254168551685673
4466,0.5254168551685673
4467,0.5254168551685673
4468,0.5254168551685673
4469,0.5254168551685673
4470,0.5254168551685673
4471,0.5254168551685673
4472,0.5254168551685673
4473,0.5254168551685673
4474,0.5254168551685673
4475,0.5254168551685673
4476,0.5254168551685673
4477,0.5254168551685673
4478,0.5254168551685673
4479,0.5254168551685673
4480,0.5254168551685673
4481,0.5254168551685673
4482,0.5254168551685673
4483,0.5254168551685673
4484,0.5254168551685673
4485,0.5254168551685673
4486,0.5254168551685673
4487,0.5254168551685673
4488,0.5105583017621027
4489,0.5105583017621027
4490,0.5105583017621027
4491,0.5105583017621027
4492,0.5105583017621027
4493,0.5105583017621027
4494,0.5105583017621027
4495,0.5105583017621027
4496,0.5105583017621027
4497,0.5105583017621027
4498,0.5105583017621027
4499,0.5105583017621027
4500,0.5105583017621027
4501,0.5105583017621027
4502,0.5105583017621027
4503,0.5105583017621027
4504,0.5105583017621027
4505,0.5105583017621027
4506,0.5105583017621027
4507,0.5105583017621027
4508,0.5105583017621027
4509,0.5105583017621027
4510,0.5105583017621027
4511,0.5105583017621027
4512,0.5110221732077638
4513,0.5110221732077638
4514,0.5110221732077638
4515,0.5110221732077638
4516,0.5110221732077638
4517,0.5110221732077638
4518,0.5110221732077638
4519,0.5110221732077638
4520,0.5110221732077638
4521,0.5110221732077638
4522,0.5110221732077638
4523,0.5110221732077638
4524,0.5110221732077638
4525,0.5110221732077638
4526,0.5110221732077638
4527,0.5110221732077638
4528,0.5110221732077638
4529,0.5110221732077638
4530,0.5110221732077638
4531,0.5110221732077638
4532,0.5110221732077638
4533,0.5110221732077638
4534,0.5110221732077638
4535,0.5110221732077638
4536,0.5341713948370871
4537,0.5341713948370871
4538,0.5341713948370871
4539,0.5341713948370871
4540,0.5341713948370871
4541,0.5341713948370871
4542,0.5341713948370871
4543,0.5341713948370871
4544,0.5341713948370871
4545,0.5341713948370871
4546,0.5341713948370871
4547,0.5341713948370871
4548,0.5341713948370871
4549,0.5341713948370871
4550,0.5341713948370871
4551,0.5341713948370871
4552,0.5341713948370871
4553,0.5341713948370871
4554,0.5341713948370871
4555,0.5341713948370871
4556,0.5341713948370871
4557,0.5341713948370871
4558,0.5341713948370871
4559,0.5341713948370871
4560,0.5735481953356707
4561,0.5735481953356707
4562,0.5735481953356707
4563,0.5735481953356707
4564,0.5735481953356707
4565,0.5735481953356707
4566,0.5735481953356707
4567,0.5735481953356707
4568,0.5735481953356707
4569,0.5735481953356707
4570,0.5735481953356707
4571,0.5735481953356707
4572,0.5735481953356707
4573,0.5735481953356707
4574,0.5735481953356707
4575,0.5735481953356707
4576,0.5735481953356707
4577,0.5735481953356707
4578,0.5735481953356707
4579,0.5735481953356707
4580,0.5735481953356707
4581,0.5735481953356707
4582,0.5735481953356707
4583,0.5735481953356707
4584,0.6015682877030072
4585,0.6015682877030072
4586,0.6015682877030072
4587,0.6015682877030072
4588,0.6015682877030072
4589,0.6015682877030072
4590,0.6015682877030072
4591,0.6015682877030072
4592,0.6015682877030072
4593,0.6015682877030072
4594,0.6015682877030072
4595,0.6015682877030072
4596,0.6015682877030072
4597,0.6015682877030072
4598,0.6015682877030072
4599,0.6015682877030072
4600,0.6015682877030072
4601,0.6015682877030072
4602,0.6015682877030072
4603,0.6015682877030072
4604,0.6015682877030072
4605,0.6015682877030072
4606,0.6015682877030072
4607,0.6015682877030072
4608,0.6740159811554752
4609,0.6740159811554752
4610,0.6740159811554752
4611,0.6740159811554752
4612,0.6740159811554752
4613,0.6740159811554752
4614,0.6740159811554752
4615,0.6740159811554752
4616,0.6740159811554752
4617,0.6740159811554752
4618,0.6740159811554752
4619,0.6740159811554752
4620,0.6740159811554752
4621,0.6740159811554752
4622,0.6740159811554752
4623,0.6740159811554752
4624,0.6740159811554752
4625,0.6740159811554752
4626,0.6740159811554752
4627,0.6740159811554752
4628,0.6740159811554752
4629,0.6740159811554752
4630,0.6740159811554752
4631,0.6740159811554752
4632,0.64289256529042
4633,0.64289256529042
4634,0.64289256529042
4635,0.64289256529042
4636,0.64289256529042
4637,0.64289256529042
4638,0.64289256529042
4639,0.64289256529042
4640,0.64289256529042
4641,0.64289256529042
4642,0.64289256529042
4643,0.64289256529042
4644,0.64289256529042
4645,0.64289256529042
4646,0.64289256529042
4647,0.64289256529042
4648,0.64289256529042
4649,0.64289256529042
4650,0.64289256529042
4651,0.64289256529042
4652,0.64289256529042
4653,0.64289256529042
4654,0.64289256529042
4655,0.64289256529042
4656,0.5988467235309923
4657,0.5988467235309923
4658,0.5988467235309923
4659,0.5988467235309923
4660,0.5988467235309923
4661,0.5988467235309923
4662,0.5988467235309923
4663,0.5988467235309923
4664,0.5988467235309923
4665,0.5988467235309923
4666,0.5988467235309923
4667,0.5988467235309923
4668,0.5988467235309923
4669,0.5988467235309923
4670,0.5988467235309923
4671,0.5988467235309923
4672,0.5988467235309923
4673,0.5988467235309923
4674,0.5988467235309923
4675,0.5988467235309923
4676,0.5988467235309923
4677,0.5988467235309923
4678,0.5988467235309923
4679,0.5988467235309923
4680,0.5728149942985605
4681,0.5728149942985605
4682,0.5728149942985605
4683,0.5728149942985605
4684,0.5728149942985605
4685,0.5728149942985605
4686,0.5728149942985605
4687,0.5728149942985605
4688,0.5728149942985605
4689,0.5728149942985605
4690,0.5728149942985605
4691,0.5728149942985605
4692,0.5728149942985605
4693,0.5728149942985605
4694,0.5728149942985605
4695,0.5728149942985605
4696,0.5728149942985605
4697,0.5728149942985605
4698,0.5728149942985605
4699,0.5728149942985605
4700,0.5728149942985605
4701,0.5728149942985605
4702,0.5728149942985605
4703,0.5728149942985605
4704,0.5569454738979955
4705,0.5569454738979955
4706,0.5569454738979955
4707,0.5569454738979955
4708,0.5569454738979955
4709,0.5569454738979955
4710,0.5569454738979955
4711,0.5569454738979955
4712,0.5569454738979955
4713,0.5569454738979955
4714,0.5569454738979955
4715,0.5569454738979955
4716,0.5569454738979955
4717,0.5569454738979955
4718,0.5569454738979955
4719,0.5569454738979955
4720,0.5569454738979955
4721,0.5569454738979955
4722,0.5569454738979955
4723,0.5569454738979955
4724,0.5569454738979955
4725,0.5569454738979955
4726,0.5569454738979955
4727,0.5569454738979955
4728,0.5387488123893718
4729,0.5387488123893718
4730,0.5387488123893718
4731,0.5387488123893718
4732,0.5387488123893718
4733,0.5387488123893718
4734,0.5387488123893718
4735,0.5387488123893718
4736,0.5387488123893718
4737,0.5387488123893718
4738,0.5387488123893718
4739,0.5387488123893718
4740,0.5387488123893718
4741,0.5387488123893718
4742,0.5387488123893718
4743,0.5387488123893718
4744,0.5387488123893718
4745,0.5387488123893718
4746,0.5387488123893718
4747,0.5387488123893718
4748,0.5387488123893718
4749,0.5387488123893718
4750,0.5387488123893718
4751,0.5387488123893718
4752,0.5379697811181012
4753,0.5379697811181012
4754,0.5379697811181012
4755,0.5379697811181012
4756,0.5379697811181012
4757,0.5379697811181012
4758,0.5379697811181012
4759,0.5379697811181012
4760,0.5379697811181012
4761,0.5379697811181012
4762,0.5379697811181012
4763,0.5379697811181012
4764,0.5379697811181012
4765,0.5379697811181012
4766,0.5379697811181012
4767,0.5379697811181012
4768,0.5379697811181012
4769,0.5379697811181012
4770,0.5379697811181012
4771,0.5379697811181012
4772,0.5379697811181012
4773,0.5379697811181012
4774,0.5379697811181012
4775,0.5379697811181012
4776,0.5655411562519551
4777,0.5655411562519551
4778,0.5655411562519551
4779,0.5655411562519551
4780,0.5655411562519551
4781,0.5655411562519551
4782,0.5655411562519551
4783,0.5655411562519551
4784,0.5655411562519551
4785,0.5655411562519551
4786,0.5655411562519551
4787,0.5655411562519551
4788,0.5655411562519551
4789,0.5655411562519551
4790,0.5655411562519551
4791,0.5655411562519551
4792,0.5655411562519551
4793,0.5655411562519551
4794,0.5655411562519551
4795,0.5655411562519551
4796,0.5655411562519551
4797,0.5655411562519551
4798,0.5655411562519551
4799,0.5655411562519551
4800,0.6355774368403486
4801,0.6355774368403486
4802,0.6355774368403486
4803,0.6355774368403486
4804,0.6355774368403486
4805,0.6355774368403486
4806,0.6355774368403486
4807,0.6355774368403486
4808,0.6355774368403486
4809,0.6355774368403486
4810,0.6355774368403486
4811,0.6355774368403486
4812,0.6355774368403486
4813,0.6355774368403486
4814,0.6355774368403486
4815,0.6355774368403486
4816,0.6355774368403486
4817,0.6355774368403486
4818,0.6355774368403486
4819,0.6355774368403486
4820,0.6355774368403486
4821,0.6355774368403486
4822,0.6355774368403486
4823,0.6355774368403486
4824,0.6356327327134079
4825,0.6356327327134079
4826,0.6356327327134079
4827,0.6356327327134079
4828,0.6356327327134079
4829,0.6356327327134079
4830,0.6356327327134079
4831,0.6356327327134079
4832,0.6356327327134079
4833,0.6356327327134079
4834,0.6356327327134079
4835,0.6356327327134079
4836,0.6356327327134079
4837,0.6356327327134079
4838,0.6356327327134079
4839,0.6356327327134079
4840,0.6356327327134079
4841,0.6356327327134079
4842,0.6356327327134079
4843,0.6356327327134079
4844,0.6356327327134079
4845,0.6356327327134079
4846,0.6356327327134079
4847,0.6356327327134079
4848,0.6154850192290319
4849,0.6154850192290319
4850,0.6154850192290319
4851,0.6154850192290319
4852,0.6154850192290319
4853,0.6154850192290319
4854,0.6154850192290319
4855,0.6154850192290319
4856,0.6154850192290319
4857,0.6154850192290319
4858,0.6154850192290319
4859,0.6154850192290319
4860,0.6154850192290319
4861,0.6154850192290319
4862,0.6154850192290319
4863,0.6154850192290319
4864,0.6154850192290319
4865,0.6154850192290319
4866,0.6154850192290319
4867,0.6154850192290319
4868,0.6154850192290319
4869,0.6154850192290319
4870,0.6154850192290319
4871,0.6154850192290319
4872,0.5841908266963584
4873,0.5841908266963584
4874,0.5841908266963584
4875,0.5841908266963584
4876,0.5841908266963584
4877,0.5841908266963584
4878,0.5841908266963584
4879,0.5841908266963584
4880,0.5841908266963584
4881,0.5841908266963584
4882,0.5841908266963584
4883,0.5841908266963584
4884,0.5841908266963584
4885,0.5841908266963584
4886,0.5841908266963584
4887,0.5841908266963584
4888,0.5841908266963584
4889,0.5841908266963584
4890,0.5841908266963584
4891,0.5841908266963584
4892,0.5841908266963584
4893,0.5841908266963584
4894,0.5841908266963584
4895,0.5841908266963584
4896,0.5639428785290075
4897,0.5639428785290075
4898,0.5639428785290075
4899,0.5639428785290075
4900,0.5639428785290075
4901,0.5639428785290075
4902,0.5639428785290075
4903,0.5639428785290075
4904,0.5639428785290075
4905,0.5639428785290075
4906,0.5639428785290075
4907,0.5639428785290075
4908,0.5639428785290075
4909,0.5639428785290075
4910,0.5639428785290075
4911,0.5639428785290075
4912,0.5639428785290075
4913,0.5639428785290075
4914,0.5639428785290075
4915,0.5639428785290075
4916,0.5639428785290075
4917,0.5639428785290075
4918,0.5639428785290075
4919,0.5639428785290075
4920,0.5443684151642416
4921,0.5443684151642416
4922,0.5443684151642416
4923,0.5443684151642416
4924,0.5443684151642416
4925,0.5443684151642416
4926,0.5443684151642416
4927,0.5443684151642416
4928,0.5443684151642416
4929,0.5443684151642416
4930,0.5443684151642416
4931,0.5443684151642416
4932,0.5443684151642416
4933,0.5443684151642416
4934,0.5443684151642416
4935,0.5443684151642416
4936,0.5443684151642416
4937,0.5443684151642416
4938,0.5443684151642416
4939,0.5443684151642416
4940,0.5443684151642416
4941,0.5443684151642416
4942,0.5443684151642416
4943,0.5443684151642416
4944,0.529966574239649
4945,0.529966574239649
4946,0.529966574239649
4947,0.529966574239649
4948,0.529966574239649
4949,0.529966574239649
4950,0.529966574239649
4951,0.529966574239649
4952,0.529966574239649
4953,0.529966574239649
4954,0.529966574239649
4955,0.529966574239649
4956,0.529966574239649
4957,0.529966574239649
4958,0.529966574239649
4959,0.529966574239649
4960,0.529966574239649
4961,0.529966574239649
4962,0.529966574239649
4963,0.529966574239649
4964,0.529966574239649
4965,0.529966574239649
4966,0.529966574239649
4967,0.529966574239649
4968,0.5221997234454933
4969,0.5221997234454933
4970,0.5221997234454933
4971,0.5221997234454933
4972,0.5221997234454933
4973,0.5221997234454933
4974,0.5221997234454933
4975,0.5221997234454933
4976,0.5221997234454933
4977,0.5221997234454933
4978,0.5221997234454933
4979,0.5221997234454933
4980,0.5221997234454933
4981,0.5221997234454933
4982,0.5221997234454933
4983,0.5221997234454933
4984,0.5221997234454933
4985,0.5221997234454933
4986,0.5221997234454933
4987,0.5221997234454933
4988,0.5221997234454933
4989,0.5221997234454933
4990,0.5221997234454933
4991,0.5221997234454933
4992,0.5296288255398529
4993,0.5296288255398529
4994,0.5296288255398529
4995,0.5296288255398529
4996,0.5296288255398529
4997,0.5296288255398529
4998,0.5296288255398529
4999,0.5296288255398529
5000,0.5296288255398529
5001,0.5296288255398529
5002,0.5296288255398529
5003,0.5296288255398529
5004,0.5296288255398529
5005,0.5296288255398529
5006,0.5296288255398529
5007,0.5296288255398529
5008,0.5296288255398529
5009,0.5296288255398529
5010,0.5296288255398529
5011,0.5296288255398529
5012,0.5296288255398529
5013,0.5296288255398529
5014,0.5296288255398529
5015,0.5296288255398529
5016,0.5300844076590219
5017,0.5300844076590219
5018,0.5300844076590219
5019,0.5300844076590219
5020,0.5300844076590219
5021,0.5300844076590219
5022,0.5300844076590219
5023,0.5300844076590219
5024,0.5300844076590219
5025,0.5300844076590219
5026,0.5300844076590219
5027,0.5300844076590219
5028,0.5300844076590219
5029,0.5300844076590219
5030,0.5300844076590219
5031,0.5300844076590219
5032,0.5300844076590219
5033,0.5300844076590219
5034,0.5300844076590219
5035,0.5300844076590219
5036,0.5300844076590219
5037,0.5300844076590219
5038,0.5300844076590219
5039,0.5300844076590219
5040,0.5365387511255515
5041,0.5365387511255515
5042,0.5365387511255515
5043,0.5365387511255515
5044,0.5365387511255515
5045,0.5365387511255515
5046,0.5365387511255515
5047,0.5365387511255515
5048,0.5365387511255515
5049,0.5365387511255515
5050,0.5365387511255515
5051,0.5365387511255515
5052,0.5365387511255515
5053,0.5365387511255515
5054,0.5365387511255515
5055,0.5365387511255515
5056,0.5365387511255515
5057,0.5365387511255515
5058,0.5365387511255515
5059,0.5365387511255515
5060,0.5365387511255515
5061,0.5365387511255515
5062,0.5365387511255515
5063,0.5365387511255515
5064,0.5263840688551008
5065,0.5263840688551008
5066,0.5263840688551008
5067,0.5263840688551008
5068,0.5263840688551008
5069,0.5263840688551008
5070,0.5263840688551008
5071,0.5263840688551008
5072,0.5263840688551008
5073,0.5263840688551008
5074,0.5263840688551008
5075,0.5263840688551008
5076,0.5263840688551008
5077,0.5263840688551008
5078,0.5263840688551008
5079,0.5263840688551008
5080,0.5263840688551008
5081,0.5263840688551008
5082,0.5263840688551008
5083,0.5263840688551008
5084,0.5263840688551008
5085,0.5263840688551008
5086,0.5263840688551008
5087,0.5263840688551008
5088,0.5114877447924497
5089,0.5114877447924497
5090,0.5114877447924497
5091,0.5114877447924497
5092,0.5114877447924497
5093,0.5114877447924497
5094,0.5114877447924497
5095,0.5114877447924497
5096,0.5114877447924497
5097,0.5114877447924497
5098,0.5114877447924497
5099,0.5114877447924497
5100,0.5114877447924497
5101,0.5114877447924497
5102,0.5114877447924497
5103,0.5114877447924497
5104,0.5114877447924497
5105,0.5114877447924497
5106,0.5114877447924497
5107,0.5114877447924497
5108,0.5114877447924497
5109,0.5114877447924497
5110,0.5114877447924497
5111,0.5114877447924497
5112,0.4994591325284152
5113,0.4994591325284152
5114,0.4994591325284152
5115,0.4994591325284152
5116,0.4994591325284152
5117,0.4994591325284152
5118,0.4994591325284152
5119,0.4994591325284152
5120,0.4994591325284152
5121,0.4994591325284152
5122,0.4994591325284152
5123,0.4994591325284152
5124,0.4994591325284152
5125,0.4994591325284152
5126,0.4994591325284152
5127,0.4994591325284152
5128,0.4994591325284152
5129,0.4994591325284152
5130,0.4994591325284152
5131,0.4994591325284152
5132,0.4994591325284152
5133,0.4994591325284152
5134,0.4994591325284152
5135,0.4994591325284152
5136,0.5033640761715906
5137,0.5033640761715906
5138,0.5033640761715906
5139,0.5033640761715906
5140,0.5033640761715906
5141,0.5033640761715906
5142,0.5033640761715906
5143,0.5033640761715906
5144,0.5033640761715906
5145,0.5033640761715906
5146,0.5033640761715906
5147,0.5033640761715906
5148,0.5033640761715906
5149,0.5033640761715906
5150,0.5033640761715906
5151,0.5033640761715906
5152,0.5033640761715906
5153,0.5033640761715906
5154,0.5033640761715906
5155,0.5033640761715906
5156,0.5033640761715906
5157,0.5033640761715906
5158,0.5033640761715906
5159,0.5033640761715906
5160,0.49905405832321253
5161,0.49905405832321253
5162,0.49905405832321253
5163,0.49905405832321253
5164,0.49905405832321253
5165,0.49905405832321253
5166,0.49905405832321253
5167,0.49905405832321253
5168,0.49905405832321253
5169,0.49905405832321253
5170,0.49905405832321253
5171,0.49905405832321253
5172,0.49905405832321253
5173,0.49905405832321253
5174,0.49905405832321253
5175,0.49905405832321253
5176,0.49905405832321253
5177,0.49905405832321253
5178,0.49905405832321253
5179,0.49905405832321253
5180,0.49905405832321253
5181,0.49905405832321253
5182,0.49905405832321253
5183,0.49905405832321253
5184,0.49149564457357353
5185,0.49149564457357353
5186,0.49149564457357353
5187,0.49149564457357353
5188,0.49149564457357353
5189,0.49149564457357353
5190,0.49149564457357353
5191,0.49149564457357353
5192,0.49149564457357353
5193,0.49149564457357353
5194,0.49149564457357353
5195,0.49149564457357353
5196,0.49149564457357353
5197,0.49149564457357353
5198,0.49149564457357353
5199,0.49149564457357353
5200,0.49149564457357353
5201,0.49149564457357353
5202,0.49149564457357353
5203,0.49149564457357353
5204,0.49149564457357353
5205,0.49149564457357353
5206,0.49149564457357353
5207,0.49149564457357353
5208,0.504260839772887
5209,0.504260839772887
5210,0.504260839772887
5211,0.504260839772887
5212,0.504260839772887
5213,0.504260839772887
5214,0.504260839772887
5215,0.504260839772887
5216,0.504260839772887
5217,0.504260839772887
5218,0.504260839772887
5219,0.504260839772887
5220,0.504260839772887
5221,0.504260839772887
5222,0.504260839772887
5223,0.504260839772887
5224,0.504260839772887
5225,0.504260839772887
5226,0.504260839772887
5227,0.504260839772887
5228,0.504260839772887
5229,0.504260839772887
5230,0.504260839772887
5231,0.504260839772887
5232,0.5172582739630728
5233,0.5172582739630728
5234,0.5172582739630728
5235,0.5172582739630728
5236,0.5172582739630728
5237,0.5172582739630728
5238,0.5172582739630728
5239,0.5172582739630728
5240,0.5172582739630728
5241,0.5172582739630728
5242,0.5172582739630728
5243,0.5172582739630728
5244,0.5172582739630728
5245,0.5172582739630728
5246,0.5172582739630728
5247,0.5172582739630728
5248,0.5172582739630728
5249,0.5172582739630728
5250,0.5172582739630728
5251,0.5172582739630728
5252,0.5172582739630728
5253,0.5172582739630728
5254,0.5172582739630728
5255,0.5172582739630728
5256,0.5398932081321761
5257,0.5398932081321761
5258,0.5398932081321761
5259,0.5398932081321761
5260,0.5398932081321761
5261,0.5398932081321761
5262,0.5398932081321761
5263,0.5398932081321761
5264,0.5398932081321761
5265,0.5398932081321761
5266,0.5398932081321761
5267,0.5398932081321761
5268,0.5398932081321761
5269,0.5398932081321761
5270,0.5398932081321761
5271,0.5398932081321761
5272,0.5398932081321761
5273,0.5398932081321761
5274,0.5398932081321761
5275,0.5398932081321761
5276,0.5398932081321761
5277,0.5398932081321761
5278,0.5398932081321761
5279,0.5398932081321761
5280,0.55064653232833
5281,0.55064653232833
5282,0.55064653232833
5283,0.55064653232833
5284,0.55064653232833
5285,0.55064653232833
5286,0.55064653232833
5287,0.55064653232833
5288,0.55064653232833
5289,0.55064653232833
5290,0.55064653232833
5291,0.55064653232833
5292,0.55064653232833
5293,0.55064653232833
5294,0.55064653232833
5295,0.55064653232833
5296,0.55064653232833
5297,0.55064653232833
5298,0.55064653232833
5299,0.55064653232833
5300,0.55064653232833
5301,0.55064653232833
5302,0.55064653232833
5303,0.55064653232833
5304,0.5529544480804894
5305,0.5529544480804894
5306,0.5529544480804894
5307,0.5529544480804894
5308,0.5529544480804894
5309,0.5529544480804894
5310,0.5529544480804894
5311,0.5529544480804894
5312,0.5529544480804894
5313,0.5529544480804894
5314,0.5529544480804894
5315,0.5529544480804894
5316,0.5529544480804894
5317,0.5529544480804894
5318,0.5529544480804894
5319,0.5529544480804894
5320,0.5529544480804894
5321,0.5529544480804894
5322,0.5529544480804894
5323,0.5529544480804894
5324,0.5529544480804894
5325,0.5529544480804894
5326,0.5529544480804894
5327,0.5529544480804894
5328,0.5481578136832724
5329,0.5481578136832724
5330,0.5481578136832724
5331,0.5481578136832724
5332,0.5481578136832724
5333,0.5481578136832724
5334,0.5481578136832724
5335,0.5481578136832724
5336,0.5481578136832724
5337,0.5481578136832724
5338,0.5481578136832724
5339,0.5481578136832724
5340,0.5481578136832724
5341,0.5481578136832724
5342,0.5481578136832724
5343,0.5481578136832724
5344,0.5481578136832724
5345,0.5481578136832724
5346,0.5481578136832724
5347,0.5481578136832724
5348,0.5481578136832724
5349,0.5481578136832724
5350,0.5481578136832724
5351,0.5481578136832724
5352,0.5287101806898025
5353,0.5287101806898025
5354,0.5287101806898025
5355,0.5287101806898025
5356,0.5287101806898025
5357,0.5287101806898025
5358,0.5287101806898025
5359,0.5287101806898025
5360,0.5287101806898025
5361,0.5287101806898025
5362,0.5287101806898025
5363,0.5287101806898025
5364,0.5287101806898025
5365,0.5287101806898025
5366,0.5287101806898025
5367,0.5287101806898025
5368,0.5287101806898025
5369,0.5287101806898025
5370,0.5287101806898025
5371,0.5287101806898025
5372,0.5287101806898025
5373,0.5287101806898025
5374,0.5287101806898025
5375,0.5287101806898025
5376,0.5211586134459687
5377,0.5211586134459687
5378,0.5211586134459687
5379,0.5211586134459687
5380,0.5211586134459687
5381,0.5211586134459687
5382,0.5211586134459687
5383,0.5211586134459687
5384,0.5211586134459687
5385,0.5211586134459687
5386,0.5211586134459687
5387,0.5211586134459687
5388,0.5211586134459687
5389,0.5211586134459687
5390,0.5211586134459687
5391,0.5211586134459687
5392,0.5211586134459687
5393,0.5211586134459687
5394,0.5211586134459687
5395,0.5211586134459687
5396,0.5211586134459687
5397,0.5211586134459687
5398,0.5211586134459687
5399,0.5211586134459687
5400,0.5080029560471305
5401,0.5080029560471305
5402,0.5080029560471305
5403,0.5080029560471305
5404,0.5080029560471305
5405,0.5080029560471305
5406,0.5080029560471305
5407,0.5080029560471305
5408,0.5080029560471305
5409,0.5080029560471305
5410,0.5080029560471305
5411,0.5080029560471305
5412,0.5080029560471305
5413,0.5080029560471305
5414,0.5080029560471305
5415,0.5080029560471305
5416,0.5080029560471305
5417,0.5080029560471305
5418,0.5080029560471305
5419,0.5080029560471305
5420,0.5080029560471305
5421,0.5080029560471305
5422,0.5080029560471305
5423,0.5080029560471305
5424,0.5044999344595055
5425,0.5044999344595055
5426,0.5044999344595055
5427,0.5044999344595055
5428,0.5044999344595055
5429,0.5044999344595055
5430,0.5044999344595055
5431,0.5044999344595055
5432,0.5044999344595055
5433,0.5044999344595055
5434,0.5044999344595055
5435,0.5044999344595055
5436,0.5044999344595055
5437,0.5044999344595055
5438,0.5044999344595055
5439,0.5044999344595055
5440,0.5044999344595055
5441,0.5044999344595055
5442,0.5044999344595055
5443,0.5044999344595055
5444,0.5044999344595055
5445,0.5044999344595055
5446,0.5044999344595055
5447,0.5044999344595055
5448,0.5013274474682451
5449,0.5013274474682451
5450,0.5013274474682451
5451,0.5013274474682451
5452,0.5013274474682451
5453,0.5013274474682451
5454,0.5013274474682451
5455,0.5013274474682451
5456,0.5013274474682451
5457,0.5013274474682451
5458,0.5013274474682451
5459,0.5013274474682451
5460,0.5013274474682451
5461,0.5013274474682451
5462,0.5013274474682451
5463,0.5013274474682451
5464,0.5013274474682451
5465,0.5013274474682451
5466,0.5013274474682451
5467,0.5013274474682451
5468,0.5013274474682451
5469,0.5013274474682451
5470,0.5013274474682451
5471,0.5013274474682451
5472,0.5027020052753288
5473,0.5027020052753288
5474,0.5027020052753288
5475,0.5027020052753288
5476,0.5027020052753288
5477,0.5027020052753288
5478,0.5027020052753288
5479,0.5027020052753288
5480,0.5027020052753288
5481,0.5027020052753288
5482,0.5027020052753288
5483,0.5027020052753288
5484,0.5027020052753288
5485,0.5027020052753288
5486,0.5027020052753288
5487,0.5027020052753288
5488,0.5027020052753288
5489,0.5027020052753288
5490,0.5027020052753288
5491,0.5027020052753288
5492,0.5027020052753288
5493,0.5027020052753288
5494,0.5027020052753288
5495,0.5027020052753288
5496,0.4915570241873615
5497,0.4915570241873615
5498,0.4915570241873615
5499,0.4915570241873615
5500,0.4915570241873615
5501,0.4915570241873615
5502,0.4915570241873615
5503,0.4915570241873615
5504,0.4915570241873615
5505,0.4915570241873615
5506,0.4915570241873615
5507,0.4915570241873615
5508,0.4915570241873615
5509,0.4915570241873615
5510,0.4915570241873615
5511,0.4915570241873615
5512,0.4915570241873615
5513,0.4915570241873615
5514,0.4915570241873615
5515,0.4915570241873615
5516,0.4915570241873615
5517,0.4915570241873615
5518,0.4915570241873615
5519,0.4915570241873615
5520,0.4841247975131716
5521,0.4841247975131716
5522,0.4841247975131716
5523,0.4841247975131716
5524,0.4841247975131716
5525,0.4841247975131716
5526,0.4841247975131716
5527,0.4841247975131716
5528,0.4841247975131716
5529,0.4841247975131716
5530,0.4841247975131716
5531,0.4841247975131716
5532,0.4841247975131716
5533,0.4841247975131716
5534,0.4841247975131716
5535,0.4841247975131716
5536,0.4841247975131716
5537,0.4841247975131716
5538,0.4841247975131716
5539,0.4841247975131716
5540,0.4841247975131716
5541,0.4841247975131716
5542,0.4841247975131716
5543,0.4841247975131716
5544,0.47686628828761746
5545,0.47686628828761746
5546,0.47686628828761746
5547,0.47686628828761746
5548,0.47686628828761746
5549,0.47686628828761746
5550,0.47686628828761746
5551,0.47686628828761746
5552,0.47686628828761746
5553,0.47686628828761746
5554,0.47686628828761746
5555,0.47686628828761746
5556,0.47686628828761746
5557,0.47686628828761746
5558,0.47686628828761746
5559,0.47686628828761746
5560,0.47686628828761746
5561,0.47686628828761746
5562,0.47686628828761746
5563,0.47686628828761746
5564,0.47686628828761746
5565,0.47686628828761746
5566,0.47686628828761746
5567,0.47686628828761746
5568,0.4853728465968828
5569,0.4853728465968828
5570,0.4853728465968828
5571,0.4853728465968828
5572,0.4853728465968828
5573,0.4853728465968828
5574,0.4853728465968828
5575,0.4853728465968828
5576,0.4853728465968828
5577,0.4853728465968828
5578,0.4853728465968828
5579,0.4853728465968828
5580,0.4853728465968828
5581,0.4853728465968828
5582,0.4853728465968828
5583,0.4853728465968828
5584,0.4853728465968828
5585,0.4853728465968828
5586,0.4853728465968828
5587,0.4853728465968828
5588,0.4853728465968828
5589,0.4853728465968828
5590,0.4853728465968828
5591,0.4853728465968828
5592,0.4831847676711639
5593,0.4831847676711639
5594,0.4831847676711639
5595,0.4831847676711639
5596,0.4831847676711639
5597,0.4831847676711639
5598,0.4831847676711639
5599,0.4831847676711639
5600,0.4831847676711639
5601,0.4831847676711639
5602,0.4831847676711639
5603,0.4831847676711639
5604,0.4831847676711639
5605,0.4831847676711639
5606,0.4831847676711639
5607,0.4831847676711639
5608,0.4831847676711639
5609,0.4831847676711639
5610,0.4831847676711639
5611,0.4831847676711639
5612,0.4831847676711639
5613,0.4831847676711639
5614,0.4831847676711639
5615,0.4831847676711639
5616,0.48064038555542
5617,0.48064038555542
5618,0.48064038555542
5619,0.48064038555542
5620,0.48064038555542
5621,0.48064038555542
5622,0.48064038555542
5623,0.48064038555542
5624,0.48064038555542
5625,0.48064038555542
5626,0.48064038555542
5627,0.48064038555542
5628,0.48064038555542
5629,0.48064038555542
5630,0.48064038555542
5631,0.48064038555542
5632,0.48064038555542
5633,0.48064038555542
5634,0.48064038555542
5635,0.48064038555542
5636,0.48064038555542
5637,0.48064038555542
5638,0.48064038555542
5639,0.48064038555542
5640,0.495661297643842
5641,0.495661297643842
5642,0.495661297643842
5643,0.495661297643842
5644,0.495661297643842
5645,0.495661297643842
5646,0.495661297643842
5647,0.495661297643842
5648,0.495661297643842
5649,0.495661297643842
5650,0.495661297643842
5651,0.495661297643842
5652,0.495661297643842
5653,0.495661297643842
5654,0.495661297643842
5655,0.495661297643842
5656,0.495661297643842
5657,0.495661297643842
5658,0.495661297643842
5659,0.495661297643842
5660,0.495661297643842
5661,0.495661297643842
5662,0.495661297643842
5663,0.495661297643842
5664,0.4935315288917244
5665,0.4935315288917244
5666,0.4935315288917244
5667,0.4935315288917244
5668,0.4935315288917244
5669,0.4935315288917244
5670,0.4935315288917244
5671,0.4935315288917244
5672,0.4935315288917244
5673,0.4935315288917244
5674,0.4935315288917244
5675,0.4935315288917244
5676,0.4935315288917244
5677,0.4935315288917244
5678,0.4935315288917244
5679,0.4935315288917244
5680,0.4935315288917244
5681,0.4935315288917244
5682,0.4935315288917244
5683,0.4935315288917244
5684,0.4935315288917244
5685,0.4935315288917244
5686,0.4935315288917244
5687,0.4935315288917244
5688,0.4871256807421528
5689,0.4871256807421528
5690,0.4871256807421528
5691,0.4871256807421528
5692,0.4871256807421528
5693,0.4871256807421528
5694,0.4871256807421528
5695,0.4871256807421528
5696,0.4871256807421528
5697,0.4871256807421528
5698,0.4871256807421528
5699,0.4871256807421528
5700,0.4871256807421528
5701,0.4871256807421528
5702,0.4871256807421528
5703,0.4871256807421528
5704,0.4871256807421528
5705,0.4871256807421528
5706,0.4871256807421528
5707,0.4871256807421528
5708,0.4871256807421528
5709,0.4871256807421528
5710,0.4871256807421528
5711,0.4871256807421528
5712,0.4911482556260059
5713,0.4911482556260059
5714,0.4911482556260059
5715,0.4911482556260059
5716,0.4911482556260059
5717,0.4911482556260059
5718,0.4911482556260059
5719,0.4911482556260059
5720,0.4911482556260059
5721,0.4911482556260059
5722,0.4911482556260059
5723,0.4911482556260059
5724,0.4911482556260059
5725,0.4911482556260059
5726,0.4911482556260059
5727,0.4911482556260059
5728,0.4911482556260059
5729,0.4911482556260059
5730,0.4911482556260059
5731,0.4911482556260059
5732,0.4911482556260059
5733,0.4911482556260059
5734,0.4911482556260059
5735,0.4911482556260059
5736,0.49178394220258187
5737,0.49178394220258187
5738,0.49178394220258187
5739,0.49178394220258187
5740,0.49178394220258187
5741,0.49178394220258187
5742,0.49178394220258187
5743,0.49178394220258187
5744,0.49178394220258187
5745,0.49178394220258187
5746,0.49178394220258187
5747,0.49178394220258187
5748,0.49178394220258187
5749,0.49178394220258187
5750,0.49178394220258187
5751,0.49178394220258187
5752,0.49178394220258187
5753,0.49178394220258187
5754,0.49178394220258187
5755,0.49178394220258187
5756,0.49178394220258187
5757,0.49178394220258187
5758,0.49178394220258187
5759,0.49178394220258187
5760,0.489331588152787
5761,0.489331588152787
5762,0.489331588152787
5763,0.489331588152787
5764,0.489331588152787
5765,0.489331588152787
5766,0.489331588152787
5767,0.489331588152787
5768,0.489331588152787
5769,0.489331588152787
5770,0.489331588152787
5771,0.489331588152787
5772,0.489331588152787
5773,0.489331588152787
5774,0.489331588152787
5775,0.489331588152787
5776,0.489331588152787
5777,0.489331588152787
5778,0.489331588152787
5779,0.489331588152787
5780,0.489331588152787
5781,0.489331588152787
5782,0.489331588152787
5783,0.489331588152787
5784,0.4860333643931706
5785,0.4860333643931706
5786,0.4860333643931706
5787,0.4860333643931706
5788,0.4860333643931706
5789,0.4860333643931706
5790,0.4860333643931706
5791,0.4860333643931706
5792,0.4860333643931706
5793,0.4860333643931706
5794,0.4860333643931706
5795,0.4860333643931706
5796,0.4860333643931706
5797,0.4860333643931706
5798,0.4860333643931706
5799,0.4860333643931706
5800,0.4860333643931706
5801,0.4860333643931706
5802,0.4860333643931706
5803,0.4860333643931706
5804,0.4860333643931706
5805,0.4860333643931706
5806,0.4860333643931706
5807,0.4860333643931706
5808,0.4800953117939289
5809,0.4800953117939289
5810,0.4800953117939289
5811,0.4800953117939289
5812,0.4800953117939289
5813,0.4800953117939289
5814,0.4800953117939289
5815,0.4800953117939289
5816,0.4800953117939289
5817,0.4800953117939289
5818,0.4800953117939289
5819,0.4800953117939289
5820,0.4800953117939289
5821,0.4800953117939289
5822,0.4800953117939289
5823,0.4800953117939289
5824,0.4800953117939289
5825,0.4800953117939289
5826,0.4800953117939289
5827,0.4800953117939289
5828,0.4800953117939289
5829,0.4800953117939289
5830,0.4800953117939289
5831,0.4800953117939289
5832,0.47510677305547466
5833,0.47510677305547466
5834,0.47510677305547466
5835,0.47510677305547466
5836,0.47510677305547466
5837,0.47510677305547466
5838,0.47510677305547466
5839,0.47510677305547466
5840,0.47510677305547466
5841,0.47510677305547466
5842,0.47510677305547466
5843,0.47510677305547466
5844,0.47510677305547466
5845,0.47510677305547466
5846,0.47510677305547466
5847,0.47510677305547466
5848,0.47510677305547466
5849,0.47510677305547466
5850,0.47510677305547466
5851,0.47510677305547466
5852,0.47510677305547466
5853,0.47510677305547466
5854,0.47510677305547466
5855,0.47510677305547466
5856,0.470440792044876
5857,0.470440792044876
5858,0.470440792044876
5859,0.470440792044876
5860,0.470440792044876
5861,0.470440792044876
5862,0.470440792044876
5863,0.470440792044876
5864,0.470440792044876
5865,0.470440792044876
5866,0.470440792044876
5867,0.470440792044876
5868,0.470440792044876
5869,0.470440792044876
5870,0.470440792044876
5871,0.470440792044876
5872,0.470440792044876
5873,0.470440792044876
5874,0.470440792044876
5875,0.470440792044876
5876,0.470440792044876
5877,0.470440792044876
5878,0.470440792044876
5879,0.470440792044876
5880,0.47193554508608715
5881,0.47193554508608715
5882,0.47193554508608715
5883,0.47193554508608715
5884,0.47193554508608715
5885,0.47193554508608715
5886,0.47193554508608715
5887,0.47193554508608715
5888,0.47193554508608715
5889,0.47193554508608715
5890,0.47193554508608715
5891,0.47193554508608715
5892,0.47193554508608715
5893,0.47193554508608715
5894,0.47193554508608715
5895,0.47193554508608715
5896,0.47193554508608715
5897,0.47193554508608715
5898,0.47193554508608715
5899,0.47193554508608715
5900,0.47193554508608715
5901,0.47193554508608715
5902,0.47193554508608715
5903,0.47193554508608715
5904,0.47141609287920594
5905,0.47141609287920594
5906,0.47141609287920594
5907,0.47141609287920594
5908,0.47141609287920594
5909,0.47141609287920594
5910,0.47141609287920594
5911,0.47141609287920594
5912,0.47141609287920594
5913,0.47141609287920594
5914,0.47141609287920594
5915,0.47141609287920594
5916,0.47141609287920594
5917,0.47141609287920594
5918,0.47141609287920594
5919,0.47141609287920594
5920,0.47141609287920594
5921,0.47141609287920594
5922,0.47141609287920594
5923,0.47141609287920594
5924,0.47141609287920594
5925,0.47141609287920594
5926,0.47141609287920594
5927,0.47141609287920594
5928,0.4673918729959715
5929,0.4673918729959715
5930,0.4673918729959715
5931,0.4673918729959715
5932,0.4673918729959715
5933,0.4673918729959715
5934,0.4673918729959715
5935,0.4673918729959715
5936,0.4673918729959715
5937,0.4673918729959715
5938,0.4673918729959715
5939,0.4673918729959715
5940,0.4673918729959715
5941,0.4673918729959715
5942,0.4673918729959715
5943,0.4673918729959715
5944,0.4673918729959715
5945,0.4673918729959715
5946,0.4673918729959715
5947,0.4673918729959715
5948,0.4673918729959715
5949,0.4673918729959715
5950,0.4673918729959715
5951,0.4673918729959715
5952,0.46454985627149015
5953,0.46454985627149015
5954,0.46454985627149015
5955,0.46454985627149015
5956,0.46454985627149015
5957,0.46454985627149015
5958,0.46454985627149015
5959,0.46454985627149015
5960,0.46454985627149015
5961,0.46454985627149015
5962,0.46454985627149015
5963,0.46454985627149015
5964,0.46454985627149015
5965,0.46454985627149015
5966,0.46454985627149015
5967,0.46454985627149015
5968,0.46454985627149015
5969,0.46454985627149015
5970,0.46454985627149015
5971,0.46454985627149015
5972,0.46454985627149015
5973,0.46454985627149015
5974,0.46454985627149015
5975,0.46454985627149015
5976,0.4711213163420197
5977,0.4711213163420197
5978,0.4711213163420197
5979,0.4711213163420197
5980,0.4711213163420197
5981,0.4711213163420197
5982,0.4711213163420197
5983,0.4711213163420197
5984,0.4711213163420197
5985,0.4711213163420197
5986,0.4711213163420197
5987,0.4711213163420197
5988,0.4711213163420197
5989,0.4711213163420197
5990,0.4711213163420197
5991,0.4711213163420197
5992,0.4711213163420197
5993,0.4711213163420197
5994,0.4711213163420197
5995,0.4711213163420197
5996,0.4711213163420197
5997,0.4711213163420197
5998,0.4711213163420197
5999,0.4711213163420197
6000,0.46860483488617366
6001,0.46860483488617366
6002,0.46860483488617366
6003,0.46860483488617366
6004,0.46860483488617366
6005,0.46860483488617366
6006,0.46860483488617366
6007,0.46860483488617366
6008,0.46860483488617366
6009,0.46860483488617366
6010,0.46860483488617366
6011,0.46860483488617366
6012,0.46860483488617366
6013,0.46860483488617366
6014,0.46860483488617366
6015,0.46860483488617366
6016,0.46860483488617366
6017,0.46860483488617366
6018,0.46860483488617366
6019,0.46860483488617366
6020,0.46860483488617366
6021,0.46860483488617366
6022,0.46860483488617366
6023,0.46860483488617366
6024,0.4660854310291923
6025,0.4660854310291923
6026,0.4660854310291923
6027,0.4660854310291923
6028,0.4660854310291923
6029,0.4660854310291923
6030,0.4660854310291923
6031,0.4660854310291923
6032,0.4660854310291923
6033,0.4660854310291923
6034,0.4660854310291923
6035,0.4660854310291923
6036,0.4660854310291923
6037,0.4660854310291923
6038,0.4660854310291923
6039,0.4660854310291923
6040,0.4660854310291923
6041,0.4660854310291923
6042,0.4660854310291923
6043,0.4660854310291923
6044,0.4660854310291923
6045,0.4660854310291923
6046,0.4660854310291923
6047,0.4660854310291923
6048,0.4812895629649108
6049,0.4812895629649108
6050,0.4812895629649108
6051,0.4812895629649108
6052,0.4812895629649108
6053,0.4812895629649108
6054,0.4812895629649108
6055,0.4812895629649108
6056,0.4812895629649108
6057,0.4812895629649108
6058,0.4812895629649108
6059,0.4812895629649108
6060,0.4812895629649108
6061,0.4812895629649108
6062,0.4812895629649108
6063,0.4812895629649108
6064,0.4812895629649108
6065,0.4812895629649108
6066,0.4812895629649108
6067,0.4812895629649108
6068,0.4812895629649108
6069,0.4812895629649108
6070,0.4812895629649108
6071,0.4812895629649108
6072,0.5154513386370319
6073,0.5154513386370319
6074,0.5154513386370319
6075,0.5154513386370319
6076,0.5154513386370319
6077,0.5154513386370319
6078,0.5154513386370319
6079,0.5154513386370319
6080,0.5154513386370319
6081,0.5154513386370319
6082,0.5154513386370319
6083,0.5154513386370319
6084,0.5154513386370319
6085,0.5154513386370319
6086,0.5154513386370319
6087,0.5154513386370319
6088,0.5154513386370319
6089,0.5154513386370319
6090,0.5154513386370319
6091,0.5154513386370319
6092,0.5154513386370319
6093,0.5154513386370319
6094,0.5154513386370319
6095,0.5154513386370319
6096,0.5318044888557159
6097,0.5318044888557159
6098,0.5318044888557159
6099,0.5318044888557159
6100,0.5318044888557159
6101,0.5318044888557159
6102,0.5318044888557159
6103,0.5318044888557159
6104,0.5318044888557159
6105,0.5318044888557159
6106,0.5318044888557159
6107,0.5318044888557159
6108,0.5318044888557159
6109,0.5318044888557159
6110,0.5318044888557159
6111,0.5318044888557159
6112,0.5318044888557159
6113,0.5318044888557159
6114,0.5318044888557159
6115,0.5318044888557159
6116,0.5318044888557159
6117,0.5318044888557159
6118,0.5318044888557159
6119,0.5318044888557159
6120,0.5066169567639025
6121,0.5066169567639025
6122,0.5066169567639025
6123,0.5066169567639025
6124,0.5066169567639025
6125,0.5066169567639025
6126,0.5066169567639025
6127,0.5066169567639025
6128,0.5066169567639025
6129,0.5066169567639025
6130,0.5066169567639025
6131,0.5066169567639025
6132,0.5066169567639025
6133,0.5066169567639025
6134,0.5066169567639025
6135,0.5066169567639025
6136,0.5066169567639025
6137,0.5066169567639025
6138,0.5066169567639025
6139,0.5066169567639025
6140,0.5066169567639025
6141,0.5066169567639025
6142,0.5066169567639025
6143,0.5066169567639025
6144,0.502006179726956
6145,0.502006179726956
6146,0.502006179726956
6147,0.502006179726956
6148,0.502006179726956
6149,0.502006179726956
6150,0.502006179726956
6151,0.502006179726956
6152,0.502006179726956
6153,0.502006179726956
6154,0.502006179726956
6155,0.502006179726956
6156,0.502006179726956
6157,0.502006179726956
6158,0.502006179726956
6159,0.502006179726956
6160,0.502006179726956
6161,0.502006179726956
6162,0.502006179726956
6163,0.502006179726956
6164,0.502006179726956
6165,0.502006179726956
6166,0.502006179726956
6167,0.502006179726956
6168,0.5043039589745477
6169,0.5043039589745477
6170,0.5043039589745477
6171,0.5043039589745477
6172,0.5043039589745477
6173,0.5043039589745477
6174,0.5043039589745477
6175,0.5043039589745477
6176,0.5043039589745477
6177,0.5043039589745477
6178,0.5043039589745477
6179,0.5043039589745477
6180,0.5043039589745477
6181,0.5043039589745477
6182,0.5043039589745477
6183,0.5043039589745477
6184,0.5043039589745477
6185,0.5043039589745477
6186,0.5043039589745477
6187,0.5043039589745477
6188,0.5043039589745477
6189,0.5043039589745477
6190,0.5043039589745477
6191,0.5043039589745477
6192,0.5081036318472575
6193,0.5081036318472575
6194,0.5081036318472575
6195,0.5081036318472575
6196,0.5081036318472575
6197,0.5081036318472575
6198,0.5081036318472575
6199,0.5081036318472575
6200,0.5081036318472575
6201,0.5081036318472575
6202,0.5081036318472575
6203,0.5081036318472575
6204,0.5081036318472575
6205,0.5081036318472575
6206,0.5081036318472575
6207,0.5081036318472575
6208,0.5081036318472575
6209,0.5081036318472575
6210,0.5081036318472575
6211,0.5081036318472575
6212,0.5081036318472575
6213,0.5081036318472575
6214,0.5081036318472575
6215,0.5081036318472575
6216,0.5140561953628295
6217,0.5140561953628295
6218,0.5140561953628295
6219,0.5140561953628295
6220,0.5140561953628295
6221,0.5140561953628295
6222,0.5140561953628295
6223,0.5140561953628295
6224,0.5140561953628295
6225,0.5140561953628295
6226,0.5140561953628295
6227,0.5140561953628295
6228,0.5140561953628295
6229,0.5140561953628295
6230,0.5140561953628295
6231,0.5140561953628295
6232,0.5140561953628295
6233,0.5140561953628295
6234,0.5140561953628295
6235,0.5140561953628295
6236,0.5140561953628295
6237,0.5140561953628295
6238,0.5140561953628295
6239,0.5140561953628295
6240,0.5039311047013617
6241,0.5039311047013617
6242,0.5039311047013617
6243,0.5039311047013617
6244,0.5039311047013617
6245,0.5039311047013617
6246,0.5039311047013617
6247,0.5039311047013617
6248,0.5039311047013617
6249,0.5039311047013617
6250,0.5039311047013617
6251,0.5039311047013617
6252,0.5039311047013617
6253,0.5039311047013617
6254,0.5039311047013617
6255,0.5039311047013617
6256,0.5039311047013617
6257,0.5039311047013617
6258,0.5039311047013617
6259,0.5039311047013617
6260,0.5039311047013617
6261,0.5039311047013617
6262,0.5039311047013617
6263,0.5039311047013617
6264,0.48974965693410866
6265,0.48974965693410866
6266,0.48974965693410866
6267,0.48974965693410866
6268,0.48974965693410866
6269,0.48974965693410866
6270,0.48974965693410866
6271,0.48974965693410866
6272,0.48974965693410866
6273,0.48974965693410866
6274,0.48974965693410866
6275,0.48974965693410866
6276,0.48974965693410866
6277,0.48974965693410866
6278,0.48974965693410866
6279,0.48974965693410866
6280,0.48974965693410866
6281,0.48974965693410866
6282,0.48974965693410866
6283,0.48974965693410866
6284,0.48974965693410866
6285,0.48974965693410866
6286,0.48974965693410866
6287,0.48974965693410866
6288,0.47818612918790443
6289,0.47818612918790443
6290,0.47818612918790443
6291,0.47818612918790443
6292,0.47818612918790443
6293,0.47818612918790443
6294,0.47818612918790443
6295,0.47818612918790443
6296,0.47818612918790443
6297,0.47818612918790443
6298,0.47818612918790443
6299,0.47818612918790443
6300,0.47818612918790443
6301,0.47818612918790443
6302,0.47818612918790443
6303,0.47818612918790443
6304,0.47818612918790443
6305,0.47818612918790443
6306,0.47818612918790443
6307,0.47818612918790443
6308,0.47818612918790443
6309,0.47818612918790443
6310,0.47818612918790443
6311,0.47818612918790443
6312,0.47288889115213717
6313,0.47288889115213717
6314,0.47288889115213717
6315,0.47288889115213717
6316,0.47288889115213717
6317,0.47288889115213717
6318,0.47288889115213717
6319,0.47288889115213717
6320,0.47288889115213717
6321,0.47288889115213717
6322,0.47288889115213717
6323,0.47288889115213717
6324,0.47288889115213717
6325,0.47288889115213717
6326,0.47288889115213717
6327,0.47288889115213717
6328,0.47288889115213717
6329,0.47288889115213717
6330,0.47288889115213717
6331,0.47288889115213717
6332,0.47288889115213717
6333,0.47288889115213717
6334,0.47288889115213717
6335,0.47288889115213717
6336,0.47318749989458586
6337,0.47318749989458586
6338,0.47318749989458586
6339,0.47318749989458586
6340,0.47318749989458586
6341,0.47318749989458586
6342,0.47318749989458586
6343,0.47318749989458586
6344,0.47318749989458586
6345,0.47318749989458586
6346,0.47318749989458586
6347,0.47318749989458586
6348,0.47318749989458586
6349,0.47318749989458586
6350,0.47318749989458586
6351,0.47318749989458586
6352,0.47318749989458586
6353,0.47318749989458586
6354,0.47318749989458586
6355,0.47318749989458586
6356,0.47318749989458586
6357,0.47318749989458586
6358,0.47318749989458586
6359,0.47318749989458586
6360,0.4599756368185609
6361,0.4599756368185609
6362,0.4599756368185609
6363,0.4599756368185609
6364,0.4599756368185609
6365,0.4599756368185609
6366,0.4599756368185609
6367,0.4599756368185609
6368,0.4599756368185609
6369,0.4599756368185609
6370,0.4599756368185609
6371,0.4599756368185609
6372,0.4599756368185609
6373,0.4599756368185609
6374,0.4599756368185609
6375,0.4599756368185609
6376,0.4599756368185609
6377,0.4599756368185609
6378,0.4599756368185609
6379,0.4599756368185609
6380,0.4599756368185609
6381,0.4599756368185609
6382,0.4599756368185609
6383,0.4599756368185609
6384,0.46263132749579666
6385,0.46263132749579666
6386,0.46263132749579666
6387,0.46263132749579666
6388,0.46263132749579666
6389,0.46263132749579666
6390,0.46263132749579666
6391,0.46263132749579666
6392,0.46263132749579666
6393,0.46263132749579666
6394,0.46263132749579666
6395,0.46263132749579666
6396,0.46263132749579666
6397,0.46263132749579666
6398,0.46263132749579666
6399,0.46263132749579666
6400,0.46263132749579666
6401,0.46263132749579666
6402,0.46263132749579666
6403,0.46263132749579666
6404,0.46263132749579666
6405,0.46263132749579666
6406,0.46263132749579666
6407,0.46263132749579666
6408,0.46999942676393563
6409,0.46999942676393563
6410,0.46999942676393563
6411,0.46999942676393563
6412,0.46999942676393563
6413,0.46999942676393563
6414,0.46999942676393563
6415,0.46999942676393563
6416,0.46999942676393563
6417,0.46999942676393563
6418,0.46999942676393563
6419,0.46999942676393563
6420,0.46999942676393563
6421,0.46999942676393563
6422,0.46999942676393563
6423,0.46999942676393563
6424,0.46999942676393563
6425,0.46999942676393563
6426,0.46999942676393563
6427,0.46999942676393563
6428,0.46999942676393563
6429,0.46999942676393563
6430,0.46999942676393563
6431,0.46999942676393563
6432,0.4745531618390938
6433,0.4745531618390938
6434,0.4745531618390938
6435,0.4745531618390938
6436,0.4745531618390938
6437,0.4745531618390938
6438,0.4745531618390938
6439,0.4745531618390938
6440,0.4745531618390938
6441,0.4745531618390938
6442,0.4745531618390938
6443,0.4745531618390938
6444,0.4745531618390938
6445,0.4745531618390938
6446,0.4745531618390938
6447,0.4745531618390938
6448,0.4745531618390938
6449,0.4745531618390938
6450,0.4745531618390938
6451,0.4745531618390938
6452,0.4745531618390938
6453,0.4745531618390938
6454,0.4745531618390938
6455,0.4745531618390938
6456,0.4732555605952469
6457,0.4732555605952469
6458,0.4732555605952469
6459,0.4732555605952469
6460,0.4732555605952469
6461,0.4732555605952469
6462,0.4732555605952469
6463,0.4732555605952469
6464,0.4732555605952469
6465,0.4732555605952469
6466,0.4732555605952469
6467,0.4732555605952469
6468,0.4732555605952469
6469,0.4732555605952469
6470,0.4732555605952469
6471,0.4732555605952469
6472,0.4732555605952469
6473,0.4732555605952469
6474,0.4732555605952469
6475,0.4732555605952469
6476,0.4732555605952469
6477,0.4732555605952469
6478,0.4732555605952469
6479,0.4732555605952469
6480,0.4990308261531786
6481,0.4990308261531786
6482,0.4990308261531786
6483,0.4990308261531786
6484,0.4990308261531786
6485,0.4990308261531786
6486,0.4990308261531786
6487,0.4990308261531786
6488,0.4990308261531786
6489,0.4990308261531786
6490,0.4990308261531786
6491,0.4990308261531786
6492,0.4990308261531786
6493,0.4990308261531786
6494,0.4990308261531786
6495,0.4990308261531786
6496,0.4990308261531786
6497,0.4990308261531786
6498,0.4990308261531786
6499,0.4990308261531786
6500,0.4990308261531786
6501,0.4990308261531786
6502,0.4990308261531786
6503,0.4990308261531786
6504,0.4904044218275322
6505,0.4904044218275322
6506,0.4904044218275322
6507,0.4904044218275322
6508,0.4904044218275322
6509,0.4904044218275322
6510,0.4904044218275322
6511,0.4904044218275322
6512,0.4904044218275322
6513,0.4904044218275322
6514,0.4904044218275322
6515,0.4904044218275322
6516,0.4904044218275322
6517,0.4904044218275322
6518,0.4904044218275322
6519,0.4904044218275322
6520,0.4904044218275322
6521,0.4904044218275322
6522,0.4904044218275322
6523,0.4904044218275322
6524,0.4904044218275322
6525,0.4904044218275322
6526,0.4904044218275322
6527,0.4904044218275322
6528,0.48274727135524875
6529,0.48274727135524875
6530,0.48274727135524875
6531,0.48274727135524875
6532,0.48274727135524875
6533,0.48274727135524875
6534,0.48274727135524875
6535,0.48274727135524875
6536,0.48274727135524875
6537,0.48274727135524875
6538,0.48274727135524875
6539,0.48274727135524875
6540,0.48274727135524875
6541,0.48274727135524875
6542,0.48274727135524875
6543,0.48274727135524875
6544,0.48274727135524875
6545,0.48274727135524875
6546,0.48274727135524875
6547,0.48274727135524875
6548,0.48274727135524875
6549,0.48274727135524875
6550,0.48274727135524875
6551,0.48274727135524875
6552,0.4770158361922698
6553,0.4770158361922698
6554,0.4770158361922698
6555,0.4770158361922698
6556,0.4770158361922698
6557,0.4770158361922698
6558,0.4770158361922698
6559,0.4770158361922698
6560,0.4770158361922698
6561,0.4770158361922698
6562,0.4770158361922698
6563,0.4770158361922698
6564,0.4770158361922698
6565,0.4770158361922698
6566,0.4770158361922698
6567,0.4770158361922698
6568,0.4770158361922698
6569,0.4770158361922698
6570,0.4770158361922698
6571,0.4770158361922698
6572,0.4770158361922698
6573,0.4770158361922698
6574,0.4770158361922698
6575,0.4770158361922698
6576,0.47000150369052895
6577,0.47000150369052895
6578,0.47000150369052895
6579,0.47000150369052895
6580,0.47000150369052895
6581,0.47000150369052895
6582,0.47000150369052895
6583,0.47000150369052895
6584,0.47000150369052895
6585,0.47000150369052895
6586,0.47000150369052895
6587,0.47000150369052895
6588,0.47000150369052895
6589,0.47000150369052895
6590,0.47000150369052895
6591,0.47000150369052895
6592,0.47000150369052895
6593,0.47000150369052895
6594,0.47000150369052895
6595,0.47000150369052895
6596,0.47000150369052895
6597,0.47000150369052895
6598,0.47000150369052895
6599,0.47000150369052895
6600,0.4731539198513487
6601,0.4731539198513487
6602,0.4731539198513487
6603,0.4731539198513487
6604,0.4731539198513487
6605,0.4731539198513487
6606,0.4731539198513487
6607,0.4731539198513487
6608,0.4731539198513487
6609,0.4731539198513487
6610,0.4731539198513487
6611,0.4731539198513487
6612,0.4731539198513487
6613,0.4731539198513487
6614,0.4731539198513487
6615,0.4731539198513487
6616,0.4731539198513487
6617,0.4731539198513487
6618,0.4731539198513487
6619,0.4731539198513487
6620,0.4731539198513487
6621,0.4731539198513487
6622,0.4731539198513487
6623,0.4731539198513487
6624,0.47000136584141866
6625,0.47000136584141866
6626,0.47000136584141866
6627,0.47000136584141866
6628,0.47000136584141866
6629,0.47000136584141866
6630,0.47000136584141866
6631,0.47000136584141866
6632,0.47000136584141866
6633,0.47000136584141866
6634,0.47000136584141866
6635,0.47000136584141866
6636,0.47000136584141866
6637,0.47000136584141866
6638,0.47000136584141866
6639,0.47000136584141866
6640,0.47000136584141866
6641,0.47000136584141866
6642,0.47000136584141866
6643,0.47000136584141866
6644,0.47000136584141866
6645,0.47000136584141866
6646,0.47000136584141866
6647,0.47000136584141866
6648,0.4684288383322504
6649,0.4684288383322504
6650,0.4684288383322504
6651,0.4684288383322504
6652,0.4684288383322504
6653,0.4684288383322504
6654,0.4684288383322504
6655,0.4684288383322504
6656,0.4684288383322504
6657,0.4684288383322504
6658,0.4684288383322504
6659,0.4684288383322504
6660,0.4684288383322504
6661,0.4684288383322504
6662,0.4684288383322504
6663,0.4684288383322504
6664,0.4684288383322504
6665,0.4684288383322504
6666,0.4684288383322504
6667,0.4684288383322504
6668,0.4684288383322504
6669,0.4684288383322504
6670,0.4684288383322504
6671,0.4684288383322504
6672,0.46250344947126243
6673,0.46250344947126243
6674,0.46250344947126243
6675,0.46250344947126243
6676,0.46250344947126243
6677,0.46250344947126243
6678,0.46250344947126243
6679,0.46250344947126243
6680,0.46250344947126243
6681,0.46250344947126243
6682,0.46250344947126243
6683,0.46250344947126243
6684,0.46250344947126243
6685,0.46250344947126243
6686,0.46250344947126243
6687,0.46250344947126243
6688,0.46250344947126243
6689,0.46250344947126243
6690,0.46250344947126243
6691,0.46250344947126243
6692,0.46250344947126243
6693,0.46250344947126243
6694,0.46250344947126243
6695,0.46250344947126243
6696,0.46509246712887964
6697,0.46509246712887964
6698,0.46509246712887964
6699,0.46509246712887964
6700,0.46509246712887964
6701,0.46509246712887964
6702,0.46509246712887964
6703,0.46509246712887964
6704,0.46509246712887964
6705,0.46509246712887964
6706,0.46509246712887964
6707,0.46509246712887964
6708,0.46509246712887964
6709,0.46509246712887964
6710,0.46509246712887964
6711,0.46509246712887964
6712,0.46509246712887964
6713,0.46509246712887964
6714,0.46509246712887964
6715,0.46509246712887964
6716,0.46509246712887964
6717,0.46509246712887964
6718,0.46509246712887964
6719,0.46509246712887964
6720,0.47034576805826583
6721,0.47034576805826583
6722,0.47034576805826583
6723,0.47034576805826583
6724,0.47034576805826583
6725,0.47034576805826583
6726,0.47034576805826583
6727,0.47034576805826583
6728,0.47034576805826583
6729,0.47034576805826583
6730,0.47034576805826583
6731,0.47034576805826583
6732,0.47034576805826583
6733,0.47034576805826583
6734,0.47034576805826583
6735,0.47034576805826583
6736,0.47034576805826583
6737,0.47034576805826583
6738,0.47034576805826583
6739,0.47034576805826583
6740,0.47034576805826583
6741,0.47034576805826583
6742,0.47034576805826583
6743,0.47034576805826583
6744,0.4964743225056804
6745,0.4964743225056804
6746,0.4964743225056804
6747,0.4964743225056804
6748,0.4964743225056804
6749,0.4964743225056804
6750,0.4964743225056804
6751,0.4964743225056804
6752,0.4964743225056804
6753,0.4964743225056804
6754,0.4964743225056804
6755,0.4964743225056804
6756,0.4964743225056804
6757,0.4964743225056804
6758,0.4964743225056804
6759,0.4964743225056804
6760,0.4964743225056804
6761,0.4964743225056804
6762,0.4964743225056804
6763,0.4964743225056804
6764,0.4964743225056804
6765,0.4964743225056804
6766,0.4964743225056804
6767,0.4964743225056804
6768,0.5097540073439087
6769,0.5097540073439087
6770,0.5097540073439087
6771,0.5097540073439087
6772,0.5097540073439087
6773,0.5097540073439087
6774,0.5097540073439087
6775,0.5097540073439087
6776,0.5097540073439087
6777,0.5097540073439087
6778,0.5097540073439087
6779,0.5097540073439087
6780,0.5097540073439087
6781,0.5097540073439087
6782,0.5097540073439087
6783,0.5097540073439087
6784,0.5097540073439087
6785,0.5097540073439087
6786,0.5097540073439087
6787,0.5097540073439087
6788,0.5097540073439087
6789,0.5097540073439087
6790,0.5097540073439087
6791,0.5097540073439087
6792,0.5028461403049214
6793,0.5028461403049214
6794,0.5028461403049214
6795,0.5028461403049214
6796,0.5028461403049214
6797,0.5028461403049214
6798,0.5028461403049214
6799,0.5028461403049214
6800,0.5028461403049214
6801,0.5028461403049214
6802,0.5028461403049214
6803,0.5028461403049214
6804,0.5028461403049214
6805,0.5028461403049214
6806,0.5028461403049214
6807,0.5028461403049214
6808,0.5028461403049214
6809,0.5028461403049214
6810,0.5028461403049214
6811,0.5028461403049214
6812,0.5028461403049214
6813,0.5028461403049214
6814,0.5028461403049214
6815,0.5028461403049214
6816,0.5376827608908473
6817,0.5376827608908473
6818,0.5376827608908473
6819,0.5376827608908473
6820,0.5376827608908473
6821,0.5376827608908473
6822,0.5376827608908473
6823,0.5376827608908473
6824,0.5376827608908473
6825,0.5376827608908473
6826,0.5376827608908473
6827,0.5376827608908473
6828,0.5376827608908473
6829,0.5376827608908473
6830,0.5376827608908473
6831,0.5376827608908473
6832,0.5376827608908473
6833,0.5376827608908473
6834,0.5376827608908473
6835,0.5376827608908473
6836,0.5376827608908473
6837,0.5376827608908473
6838,0.5376827608908473
6839,0.5376827608908473
6840,0.5888175115206177
6841,0.5888175115206177
6842,0.5888175115206177
6843,0.5888175115206177
6844,0.5888175115206177
6845,0.5888175115206177
6846,0.5888175115206177
6847,0.5888175115206177
6848,0.5888175115206177
6849,0.5888175115206177
6850,0.5888175115206177
6851,0.5888175115206177
6852,0.5888175115206177
6853,0.5888175115206177
6854,0.5888175115206177
6855,0.5888175115206177
6856,0.5888175115206177
6857,0.5888175115206177
6858,0.5888175115206177
6859,0.5888175115206177
6860,0.5888175115206177
6861,0.5888175115206177
6862,0.5888175115206177
6863,0.5888175115206177
6864,0.5906648274459979
6865,0.5906648274459979
6866,0.5906648274459979
6867,0.5906648274459979
6868,0.5906648274459979
6869,0.5906648274459979
6870,0.5906648274459979
6871,0.5906648274459979
6872,0.5906648274459979
6873,0.5906648274459979
6874,0.5906648274459979
6875,0.5906648274459979
6876,0.5906648274459979
6877,0.5906648274459979
6878,0.5906648274459979
6879,0.5906648274459979
6880,0.5906648274459979
6881,0.5906648274459979
6882,0.5906648274459979
6883,0.5906648274459979
6884,0.5906648274459979
6885,0.5906648274459979
6886,0.5906648274459979
6887,0.5906648274459979
6888,0.5590388780548499
6889,0.5590388780548499
6890,0.5590388780548499
6891,0.5590388780548499
6892,0.5590388780548499
6893,0.5590388780548499
6894,0.5590388780548499
6895,0.5590388780548499
6896,0.5590388780548499
6897,0.5590388780548499
6898,0.5590388780548499
6899,0.5590388780548499
6900,0.5590388780548499
6901,0.5590388780548499
6902,0.5590388780548499
6903,0.5590388780548499
6904,0.5590388780548499
6905,0.5590388780548499
6906,0.5590388780548499
6907,0.5590388780548499
6908,0.5590388780548499
6909,0.5590388780548499
6910,0.5590388780548499
6911,0.5590388780548499
6912,0.5249560715429745
6913,0.5249560715429745
6914,0.5249560715429745
6915,0.5249560715429745
6916,0.5249560715429745
6917,0.5249560715429745
6918,0.5249560715429745
6919,0.5249560715429745
6920,0.5249560715429745
6921,0.5249560715429745
6922,0.5249560715429745
6923,0.5249560715429745
6924,0.5249560715429745
6925,0.5249560715429745
6926,0.5249560715429745
6927,0.5249560715429745
6928,0.5249560715429745
6929,0.5249560715429745
6930,0.5249560715429745
6931,0.5249560715429745
6932,0.5249560715429745
6933,0.5249560715429745
6934,0.5249560715429745
6935,0.5249560715429745
6936,0.5158198460682774
6937,0.5158198460682774
6938,0.5158198460682774
6939,0.5158198460682774
6940,0.5158198460682774
6941,0.5158198460682774
6942,0.5158198460682774
6943,0.5158198460682774
6944,0.5158198460682774
6945,0.5158198460682774
6946,0.5158198460682774
6947,0.5158198460682774
6948,0.5158198460682774
6949,0.5158198460682774
6950,0.5158198460682774
6951,0.5158198460682774
6952,0.5158198460682774
6953,0.5158198460682774
6954,0.5158198460682774
6955,0.5158198460682774
6956,0.5158198460682774
6957,0.5158198460682774
6958,0.5158198460682774
6959,0.5158198460682774
6960,0.5063900663185039
6961,0.5063900663185039
6962,0.5063900663185039
6963,0.5063900663185039
6964,0.5063900663185039
6965,0.5063900663185039
6966,0.5063900663185039
6967,0.5063900663185039
6968,0.5063900663185039
6969,0.5063900663185039
6970,0.5063900663185039
6971,0.5063900663185039
6972,0.5063900663185039
6973,0.5063900663185039
6974,0.5063900663185039
6975,0.5063900663185039
6976,0.5063900663185039
6977,0.5063900663185039
6978,0.5063900663185039
6979,0.5063900663185039
6980,0.5063900663185039
6981,0.5063900663185039
6982,0.5063900663185039
6983,0.5063900663185039
6984,0.5208965255277739
6985,0.5208965255277739
6986,0.5208965255277739
6987,0.5208965255277739
6988,0.5208965255277739
6989,0.5208965255277739
6990,0.5208965255277739
6991,0.5208965255277739
6992,0.5208965255277739
6993,0.5208965255277739
6994,0.5208965255277739
6995,0.5208965255277739
6996,0.5208965255277739
6997,0.5208965255277739
6998,0.5208965255277739
6999,0.5208965255277739
7000,0.5208965255277739
7001,0.5208965255277739
7002,0.5208965255277739
7003,0.5208965255277739
7004,0.5208965255277739
7005,0.5208965255277739
7006,0.5208965255277739
7007,0.5208965255277739
7008,0.6341350113213577
7009,0.6341350113213577
7010,0.6341350113213577
7011,0.6341350113213577
7012,0.6341350113213577
7013,0.6341350113213577
7014,0.6341350113213577
7015,0.6341350113213577
7016,0.6341350113213577
7017,0.6341350113213577
7018,0.6341350113213577
7019,0.6341350113213577
7020,0.6341350113213577
7021,0.6341350113213577
7022,0.6341350113213577
7023,0.6341350113213577
7024,0.6341350113213577
7025,0.6341350113213577
7026,0.6341350113213577
7027,0.6341350113213577
7028,0.6341350113213577
7029,0.6341350113213577
7030,0.6341350113213577
7031,0.6341350113213577
7032,0.6236414132286451
7033,0.6236414132286451
7034,0.6236414132286451
7035,0.6236414132286451
7036,0.6236414132286451
7037,0.6236414132286451
7038,0.6236414132286451
7039,0.6236414132286451
7040,0.6236414132286451
7041,0.6236414132286451
7042,0.6236414132286451
7043,0.6236414132286451
7044,0.6236414132286451
7045,0.6236414132286451
7046,0.6236414132286451
7047,0.6236414132286451
7048,0.6236414132286451
7049,0.6236414132286451
7050,0.6236414132286451
7051,0.6236414132286451
7052,0.6236414132286451
7053,0.6236414132286451
7054,0.6236414132286451
7055,0.6236414132286451
7056,0.6043745555582515
7057,0.6043745555582515
7058,0.6043745555582515
7059,0.6043745555582515
7060,0.6043745555582515
7061,0.6043745555582515
7062,0.6043745555582515
7063,0.6043745555582515
7064,0.6043745555582515
7065,0.6043745555582515
7066,0.6043745555582515
7067,0.6043745555582515
7068,0.6043745555582515
7069,0.6043745555582515
7070,0.6043745555582515
7071,0.6043745555582515
7072,0.6043745555582515
7073,0.6043745555582515
7074,0.6043745555582515
7075,0.6043745555582515
7076,0.6043745555582515
7077,0.6043745555582515
7078,0.6043745555582515
7079,0.6043745555582515
7080,0.6054854999169879
7081,0.6054854999169879
7082,0.6054854999169879
7083,0.6054854999169879
7084,0.6054854999169879
7085,0.6054854999169879
7086,0.6054854999169879
7087,0.6054854999169879
7088,0.6054854999169879
7089,0.6054854999169879
7090,0.6054854999169879
7091,0.6054854999169879
7092,0.6054854999169879
7093,0.6054854999169879
7094,0.6054854999169879
7095,0.6054854999169879
7096,0.6054854999169879
7097,0.6054854999169879
7098,0.6054854999169879
7099,0.6054854999169879
7100,0.6054854999169879
7101,0.6054854999169879
7102,0.6054854999169879
7103,0.6054854999169879
7104,0.6796244273423612
7105,0.6796244273423612
7106,0.6796244273423612
7107,0.6796244273423612
7108,0.6796244273423612
7109,0.6796244273423612
7110,0.6796244273423612
7111,0.6796244273423612
7112,0.6796244273423612
7113,0.6796244273423612
7114,0.6796244273423612
7115,0.6796244273423612
7116,0.6796244273423612
7117,0.6796244273423612
7118,0.6796244273423612
7119,0.6796244273423612
7120,0.6796244273423612
7121,0.6796244273423612
7122,0.6796244273423612
7123,0.6796244273423612
7124,0.6796244273423612
7125,0.6796244273423612
7126,0.6796244273423612
7127,0.6796244273423612
7128,0.6398928216140831
7129,0.6398928216140831
7130,0.6398928216140831
7131,0.6398928216140831
7132,0.6398928216140831
7133,0.6398928216140831
7134,0.6398928216140831
7135,0.6398928216140831
7136,0.6398928216140831
7137,0.6398928216140831
7138,0.6398928216140831
7139,0.6398928216140831
7140,0.6398928216140831
7141,0.6398928216140831
7142,0.6398928216140831
7143,0.6398928216140831
7144,0.6398928216140831
7145,0.6398928216140831
7146,0.6398928216140831
7147,0.6398928216140831
7148,0.6398928216140831
7149,0.6398928216140831
7150,0.6398928216140831
7151,0.6398928216140831
7152,0.6214980066045617
7153,0.6214980066045617
7154,0.6214980066045617
7155,0.6214980066045617
7156,0.6214980066045617
7157,0.6214980066045617
7158,0.6214980066045617
7159,0.6214980066045617
7160,0.6214980066045617
7161,0.6214980066045617
7162,0.6214980066045617
7163,0.6214980066045617
7164,0.6214980066045617
7165,0.6214980066045617
7166,0.6214980066045617
7167,0.6214980066045617
7168,0.6214980066045617
7169,0.6214980066045617
7170,0.6214980066045617
7171,0.6214980066045617
7172,0.6214980066045617
7173,0.6214980066045617
7174,0.6214980066045617
7175,0.6214980066045617
7176,0.7154988954988711
7177,0.7154988954988711
7178,0.7154988954988711
7179,0.7154988954988711
7180,0.7154988954988711
7181,0.7154988954988711
7182,0.7154988954988711
7183,0.7154988954988711
7184,0.7154988954988711
7185,0.7154988954988711
7186,0.7154988954988711
7187,0.7154988954988711
7188,0.7154988954988711
7189,0.7154988954988711
7190,0.7154988954988711
7191,0.7154988954988711
7192,0.7154988954988711
7193,0.7154988954988711
7194,0.7154988954988711
7195,0.7154988954988711
7196,0.7154988954988711
7197,0.7154988954988711
7198,0.7154988954988711
7199,0.7154988954988711
7200,0.85
7201,0.85
7202,0.85
7203,0.85
7204,0.85
7205,0.85
7206,0.85
7207,0.85
7208,0.85
7209,0.85
7210,0.85
7211,0.85
7212,0.85
7213,0.85
7214,0.85
7215,0.85
7216,0.85
7217,0.85
7218,0.85
7219,0.85
7220,0.85
7221,0.85
7222,0.85
7223,0.85
7224,0.85
7225,0.85
7226,0.85
7227,0.85
7228,0.85
7229,0.85
7230,0.85
7231,0.85
7232,0.85
7233,0.85
7234,0.85
7235,0.85
7236,0.85
7237,0.85
7238,0.85
7239,0.85
7240,0.85
7241,0.85
7242,0.85
7243,0.85
7244,0.85
7245,0.85
7246,0.85
7247,0.85
7248,0.7589006970256461
7249,0.7589006970256461
7250,0.7589006970256461
7251,0.7589006970256461
7252,0.7589006970256461
7253,0.7589006970256461
7254,0.7589006970256461
7255,0.7589006970256461
7256,0.7589006970256461
7257,0.7589006970256461
7258,0.7589006970256461
7259,0.7589006970256461
7260,0.7589006970256461
7261,0.7589006970256461
7262,0.7589006970256461
7263,0.7589006970256461
7264,0.7589006970256461
7265,0.7589006970256461
7266,0.7589006970256461
7267,0.7589006970256461
7268,0.7589006970256461
7269,0.7589006970256461
7270,0.7589006970256461
7271,0.7589006970256461
7272,0.6927936858534032
7273,0.6927936858534032
7274,0.6927936858534032
7275,0.6927936858534032
7276,0.6927936858534032
7277,0.6927936858534032
7278,0.6927936858534032
7279,0.6927936858534032
7280,0.6927936858534032
7281,0.6927936858534032
7282,0.6927936858534032
7283,0.6927936858534032
7284,0.6927936858534032
7285,0.6927936858534032
7286,0.6927936858534032
7287,0.6927936858534032
7288,0.6927936858534032
7289,0.6927936858534032
7290,0.6927936858534032
7291,0.6927936858534032
7292,0.6927936858534032
7293,0.6927936858534032
7294,0.6927936858534032
7295,0.6927936858534032
7296,0.6357572196498313
7297,0.6357572196498313
7298,0.6357572196498313
7299,0.6357572196498313
7300,0.6357572196498313
7301,0.6357572196498313
7302,0.6357572196498313
7303,0.6357572196498313
7304,0.6357572196498313
7305,0.6357572196498313
7306,0.6357572196498313
7307,0.6357572196498313
7308,0.6357572196498313
7309,0.6357572196498313
7310,0.6357572196498313
7311,0.6357572196498313
7312,0.6357572196498313
7313,0.6357572196498313
7314,0.6357572196498313
7315,0.6357572196498313
7316,0.6357572196498313
7317,0.6357572196498313
7318,0.6357572196498313
7319,0.6357572196498313
7320,0.5882384533584994
7321,0.5882384533584994
7322,0.5882384533584994
7323,0.5882384533584994
7324,0.5882384533584994
7325,0.5882384533584994
7326,0.5882384533584994
7327,0.5882384533584994
7328,0.5882384533584994
7329,0.5882384533584994
7330,0.5882384533584994
7331,0.5882384533584994
7332,0.5882384533584994
7333,0.5882384533584994
7334,0.5882384533584994
7335,0.5882384533584994
7336,0.5882384533584994
7337,0.5882384533584994
7338,0.5882384533584994
7339,0.5882384533584994
7340,0.5882384533584994
7341,0.5882384533584994
7342,0.5882384533584994
7343,0.5882384533584994
7344,0.5831748603745285
7345,0.5831748603745285
7346,0.5831748603745285
7347,0.5831748603745285
7348,0.5831748603745285
7349,0.5831748603745285
7350,0.5831748603745285
7351,0.5831748603745285
7352,0.5831748603745285
7353,0.5831748603745285
7354,0.5831748603745285
7355,0.5831748603745285
7356,0.5831748603745285
7357,0.5831748603745285
7358,0.5831748603745285
7359,0.5831748603745285
7360,0.5831748603745285
7361,0.5831748603745285
7362,0.5831748603745285
7363,0.5831748603745285
7364,0.5831748603745285
7365,0.5831748603745285
7366,0.5831748603745285
7367,0.5831748603745285
7368,0.623536574385391
7369,0.623536574385391
7370,0.623536574385391
7371,0.623536574385391
7372,0.623536574385391
7373,0.623536574385391
7374,0.623536574385391
7375,0.623536574385391
7376,0.623536574385391
7377,0.623536574385391
7378,0.623536574385391
7379,0.623536574385391
7380,0.623536574385391
7381,0.623536574385391
7382,0.623536574385391
7383,0.623536574385391
7384,0.623536574385391
7385,0.623536574385391
7386,0.623536574385391
7387,0.623536574385391
7388,0.623536574385391
7389,0.623536574385391
7390,0.623536574385391
7391,0.623536574385391
7392,0.6529037925868878
7393,0.6529037925868878
7394,0.6529037925868878
7395,0.6529037925868878
7396,0.6529037925868878
7397,0.6529037925868878
7398,0.6529037925868878
7399,0.6529037925868878
7400,0.6529037925868878
7401,0.6529037925868878
7402,0.6529037925868878
7403,0.6529037925868878
7404,0.6529037925868878
7405,0.6529037925868878
7406,0.6529037925868878
7407,0.6529037925868878
7408,0.6529037925868878
7409,0.6529037925868878
7410,0.6529037925868878
7411,0.6529037925868878
7412,0.6529037925868878
7413,0.6529037925868878
7414,0.6529037925868878
7415,0.6529037925868878
7416,0.7088948387087566
7417,0.7088948387087566
7418,0.7088948387087566
7419,0.7088948387087566
7420,0.7088948387087566
7421,0.7088948387087566
7422,0.7088948387087566
7423,0.7088948387087566
7424,0.7088948387087566
7425,0.7088948387087566
7426,0.7088948387087566
7427,0.7088948387087566
7428,0.7088948387087566
7429,0.7088948387087566
7430,0.7088948387087566
7431,0.7088948387087566
7432,0.7088948387087566
7433,0.7088948387087566
7434,0.7088948387087566
7435,0.7088948387087566
7436,0.7088948387087566
7437,0.7088948387087566
7438,0.7088948387087566
7439,0.7088948387087566
7440,0.7671402232286327
7441,0.7671402232286327
7442,0.7671402232286327
7443,0.7671402232286327
7444,0.7671402232286327
7445,0.7671402232286327
7446,0.7671402232286327
7447,0.7671402232286327
7448,0.7671402232286327
7449,0.7671402232286327
7450,0.7671402232286327
7451,0.7671402232286327
7452,0.7671402232286327
7453,0.7671402232286327
7454,0.7671402232286327
7455,0.7671402232286327
7456,0.7671402232286327
7457,0.7671402232286327
7458,0.7671402232286327
7459,0.7671402232286327
7460,0.7671402232286327
7461,0.7671402232286327
7462,0.7671402232286327
7463,0.7671402232286327
7464,0.7522811551854899
7465,0.7522811551854899
7466,0.7522811551854899
7467,0.7522811551854899
7468,0.7522811551854899
7469,0.7522811551854899
7470,0.7522811551854899
7471,0.7522811551854899
7472,0.7522811551854899
7473,0.7522811551854899
7474,0.7522811551854899
7475,0.7522811551854899
7476,0.7522811551854899
7477,0.7522811551854899
7478,0.7522811551854899
7479,0.7522811551854899
7480,0.7522811551854899
7481,0.7522811551854899
7482,0.7522811551854899
7483,0.7522811551854899
7484,0.7522811551854899
7485,0.7522811551854899
7486,0.7522811551854899
7487,0.7522811551854899
7488,0.6951863052887913
7489,0.6951863052887913
7490,0.6951863052887913
7491,0.6951863052887913
7492,0.6951863052887913
7493,0.6951863052887913
7494,0.6951863052887913
7495,0.6951863052887913
7496,0.6951863052887913
7497,0.6951863052887913
7498,0.6951863052887913
7499,0.6951863052887913
7500,0.6951863052887913
7501,0.6951863052887913
7502,0.6951863052887913
7503,0.6951863052887913
7504,0.6951863052887913
7505,0.6951863052887913
7506,0.6951863052887913
7507,0.6951863052887913
7508,0.6951863052887913
7509,0.6951863052887913
7510,0.6951863052887913
7511,0.6951863052887913
7512,0.6501695646766185
7513,0.6501695646766185
7514,0.6501695646766185
7515,0.6501695646766185
7516,0.6501695646766185
7517,0.6501695646766185
7518,0.6501695646766185
7519,0.6501695646766185
7520,0.6501695646766185
7521,0.6501695646766185
7522,0.6501695646766185
7523,0.6501695646766185
7524,0.6501695646766185
7525,0.6501695646766185
7526,0.6501695646766185
7527,0.6501695646766185
7528,0.6501695646766185
7529,0.6501695646766185
7530,0.6501695646766185
7531,0.6501695646766185
7532,0.6501695646766185
7533,0.6501695646766185
7534,0.6501695646766185
7535,0.6501695646766185
7536,0.6177415999725642
7537,0.6177415999725642
7538,0.6177415999725642
7539,0.6177415999725642
7540,0.6177415999725642
7541,0.6177415999725642
7542,0.6177415999725642
7543,0.6177415999725642
7544,0.6177415999725642
7545,0.6177415999725642
7546,0.6177415999725642
7547,0.6177415999725642
7548,0.6177415999725642
7549,0.6177415999725642
7550,0.6177415999725642
7551,0.6177415999725642
7552,0.6177415999725642
7553,0.6177415999725642
7554,0.6177415999725642
7555,0.6177415999725642
7556,0.6177415999725642
7557,0.6177415999725642
7558,0.6177415999725642
7559,0.6177415999725642
7560,0.5998626439031185
7561,0.5998626439031185
7562,0.5998626439031185
7563,0.5998626439031185
7564,0.5998626439031185
7565,0.5998626439031185
7566,0.5998626439031185
7567,0.5998626439031185
7568,0.5998626439031185
7569,0.5998626439031185
7570,0.5998626439031185
7571,0.5998626439031185
7572,0.5998626439031185
7573,0.5998626439031185
7574,0.5998626439031185
7575,0.5998626439031185
7576,0.5998626439031185
7577,0.5998626439031185
7578,0.5998626439031185
7579,0.5998626439031185
7580,0.5998626439031185
7581,0.5998626439031185
7582,0.5998626439031185
7583,0.5998626439031185
7584,0.5948251779204947
7585,0.5948251779204947
7586,0.5948251779204947
7587,0.5948251779204947
7588,0.5948251779204947
7589,0.5948251779204947
7590,0.5948251779204947
7591,0.5948251779204947
7592,0.5948251779204947
7593,0.5948251779204947
7594,0.5948251779204947
7595,0.5948251779204947
7596,0.5948251779204947
7597,0.5948251779204947
7598,0.5948251779204947
7599,0.5948251779204947
7600,0.5948251779204947
7601,0.5948251779204947
7602,0.5948251779204947
7603,0.5948251779204947
7604,0.5948251779204947
7605,0.5948251779204947
7606,0.5948251779204947
7607,0.5948251779204947
7608,0.5914818499320312
7609,0.5914818499320312
7610,0.5914818499320312
7611,0.5914818499320312
7612,0.5914818499320312
7613,0.5914818499320312
7614,0.5914818499320312
7615,0.5914818499320312
7616,0.5914818499320312
7617,0.5914818499320312
7618,0.5914818499320312
7619,0.5914818499320312
7620,0.5914818499320312
7621,0.5914818499320312
7622,0.5914818499320312
7623,0.5914818499320312
7624,0.5914818499320312
7625,0.5914818499320312
7626,0.5914818499320312
7627,0.5914818499320312
7628,0.5914818499320312
7629,0.5914818499320312
7630,0.5914818499320312
7631,0.5914818499320312
7632,0.7261984493521181
7633,0.7261984493521181
7634,0.7261984493521181
7635,0.7261984493521181
7636,0.7261984493521181
7637,0.7261984493521181
7638,0.7261984493521181
7639,0.7261984493521181
7640,0.7261984493521181
7641,0.7261984493521181
7642,0.7261984493521181
7643,0.7261984493521181
7644,0.7261984493521181
7645,0.7261984493521181
7646,0.7261984493521181
7647,0.7261984493521181
7648,0.7261984493521181
7649,0.7261984493521181
7650,0.7261984493521181
7651,0.7261984493521181
7652,0.7261984493521181
7653,0.7261984493521181
7654,0.7261984493521181
7655,0.7261984493521181
7656,0.85
7657,0.85
7658,0.85
7659,0.85
7660,0.85
7661,0.85
7662,0.85
7663,0.85
7664,0.85
7665,0.85
7666,0.85
7667,0.85
7668,0.85
7669,0.85
7670,0.85
7671,0.85
7672,0.85
7673,0.85
7674,0.85
7675,0.85
7676,0.85
7677,0.85
7678,0.85
7679,0.85
7680,0.85
7681,0.85
7682,0.85
7683,0.85
7684,0.85
7685,0.85
7686,0.85
7687,0.85
7688,0.85
7689,0.85
7690,0.85
7691,0.85
7692,0.85
7693,0.85
7694,0.85
7695,0.85
7696,0.85
7697,0.85
7698,0.85
7699,0.85
7700,0.85
7701,0.85
7702,0.85
7703,0.85
7704,0.85
7705,0.85
7706,0.85
7707,0.85
7708,0.85
7709,0.85
7710,0.85
7711,0.85
7712,0.85
7713,0.85
7714,0.85
7715,0.85
7716,0.85
7717,0.85
7718,0.85
7719,0.85
7720,0.85
7721,0.85
7722,0.85
7723,0.85
7724,0.85
7725,0.85
7726,0.85
7727,0.85
7728,0.834946289013298
7729,0.834946289013298
7730,0.834946289013298
7731,0.834946289013298
7732,0.834946289013298
7733,0.834946289013298
7734,0.834946289013298
7735,0.834946289013298
7736,0.834946289013298
7737,0.834946289013298
7738,0.834946289013298
7739,0.834946289013298
7740,0.834946289013298
7741,0.834946289013298
7742,0.834946289013298
7743,0.834946289013298
7744,0.834946289013298
7745,0.834946289013298
7746,0.834946289013298
7747,0.834946289013298
7748,0.834946289013298
7749,0.834946289013298
7750,0.834946289013298
7751,0.834946289013298
7752,0.794731255645597
7753,0.794731255645597
7754,0.794731255645597
7755,0.794731255645597
7756,0.794731255645597
7757,0.794731255645597
7758,0.794731255645597
7759,0.794731255645597
7760,0.794731255645597
7761,0.794731255645597
7762,0.794731255645597
7763,0.794731255645597
7764,0.794731255645597
7765,0.794731255645597
7766,0.794731255645597
7767,0.794731255645597
7768,0.794731255645597
7769,0.794731255645597
7770,0.794731255645597
7771,0.794731255645597
7772,0.794731255645597
7773,0.794731255645597
7774,0.794731255645597
7775,0.794731255645597
7776,0.7773143238437358
7777,0.7773143238437358
7778,0.7773143238437358
7779,0.7773143238437358
7780,0.7773143238437358
7781,0.7773143238437358
7782,0.7773143238437358
7783,0.7773143238437358
7784,0.7773143238437358
7785,0.7773143238437358
7786,0.7773143238437358
7787,0.7773143238437358
7788,0.7773143238437358
7789,0.7773143238437358
7790,0.7773143238437358
7791,0.7773143238437358
7792,0.7773143238437358
7793,0.7773143238437358
7794,0.7773143238437358
7795,0.7773143238437358
7796,0.7773143238437358
7797,0.7773143238437358
7798,0.7773143238437358
7799,0.7773143238437358
7800,0.8132123917679063
7801,0.8132123917679063
7802,0.8132123917679063
7803,0.8132123917679063
7804,0.8132123917679063
7805,0.8132123917679063
7806,0.8132123917679063
7807,0.8132123917679063
7808,0.8132123917679063
7809,0.8132123917679063
7810,0.8132123917679063
7811,0.8132123917679063
7812,0.8132123917679063
7813,0.8132123917679063
7814,0.8132123917679063
7815,0.8132123917679063
7816,0.8132123917679063
7817,0.8132123917679063
7818,0.8132123917679063
7819,0.8132123917679063
7820,0.8132123917679063
7821,0.8132123917679063
7822,0.8132123917679063
7823,0.8132123917679063
7824,0.85
7825,0.85
7826,0.85
7827,0.85
7828,0.85
7829,0.85
7830,0.85
7831,0.85
7832,0.85
7833,0.85
7834,0.85
7835,0.85
7836,0.85
7837,0.85
7838,0.85
7839,0.85
7840,0.85
7841,0.85
7842,0.85
7843,0.85
7844,0.85
7845,0.85
7846,0.85
7847,0.85
7848,0.8473523413309174
7849,0.8473523413309174
7850,0.8473523413309174
7851,0.8473523413309174
7852,0.8473523413309174
7853,0.8473523413309174
7854,0.8473523413309174
7855,0.8473523413309174
7856,0.8473523413309174
7857,0.8473523413309174
7858,0.8473523413309174
7859,0.8473523413309174
7860,0.8473523413309174
7861,0.8473523413309174
7862,0.8473523413309174
7863,0.8473523413309174
7864,0.8473523413309174
7865,0.8473523413309174
7866,0.8473523413309174
7867,0.8473523413309174
7868,0.8473523413309174
7869,0.8473523413309174
7870,0.8473523413309174
7871,0.8473523413309174
7872,0.8053088589860474
7873,0.8053088589860474
7874,0.8053088589860474
7875,0.8053088589860474
7876,0.8053088589860474
7877,0.8053088589860474
7878,0.8053088589860474
7879,0.8053088589860474
7880,0.8053088589860474
7881,0.8053088589860474
7882,0.8053088589860474
7883,0.8053088589860474
7884,0.8053088589860474
7885,0.8053088589860474
7886,0.8053088589860474
7887,0.8053088589860474
7888,0.8053088589860474
7889,0.8053088589860474
7890,0.8053088589860474
7891,0.8053088589860474
7892,0.8053088589860474
7893,0.8053088589860474
7894,0.8053088589860474
7895,0.8053088589860474
7896,0.774081569221509
7897,0.774081569221509
7898,0.774081569221509
7899,0.774081569221509
7900,0.774081569221509
7901,0.774081569221509
7902,0.774081569221509
7903,0.774081569221509
7904,0.774081569221509
7905,0.774081569221509
7906,0.774081569221509
7907,0.774081569221509
7908,0.774081569221509
7909,0.774081569221509
7910,0.774081569221509
7911,0.774081569221509
7912,0.774081569221509
7913,0.774081569221509
7914,0.774081569221509
7915,0.774081569221509
7916,0.774081569221509
7917,0.774081569221509
7918,0.774081569221509
7919,0.774081569221509
7920,0.85
7921,0.85
7922,0.85
7923,0.85
7924,0.85
7925,0.85
7926,0.85
7927,0.85
7928,0.85
7929,0.85
7930,0.85
7931,0.85
7932,0.85
7933,0.85
7934,0.85
7935,0.85
7936,0.85
7937,0.85
7938,0.85
7939,0.85
7940,0.85
7941,0.85
7942,0.85
7943,0.85
7944,0.85
7945,0.85
7946,0.85
7947,0.85
7948,0.85
7949,0.85
7950,0.85
7951,0.85
7952,0.85
7953,0.85
7954,0.85
7955,0.85
7956,0.85
7957,0.85
7958,0.85
7959,0.85
7960,0.85
7961,0.85
7962,0.85
7963,0.85
7964,0.85
7965,0.85
7966,0.85
7967,0.85
7968,0.85
7969,0.85
7970,0.85
7971,0.85
7972,0.85
7973,0.85
7974,0.85
7975,0.85
7976,0.85
7977,0.85
7978,0.85
7979,0.85
7980,0.85
7981,0.85
7982,0.85
7983,0.85
7984,0.85
7985,0.85
7986,0.85
7987,0.85
7988,0.85
7989,0.85
7990,0.85
7991,0.85
7992,0.85
7993,0.85
7994,0.85
7995,0.85
7996,0.85
7997,0.85
7998,0.85
7999,0.85
8000,0.85
8001,0.85
8002,0.85
8003,0.85
8004,0.85
8005,0.85
8006,0.85
8007,0.85
8008,0.85
8009,0.85
8010,0.85
8011,0.85
8012,0.85
8013,0.85
8014,0.85
8015,0.85
8016,0.7938228208196394
8017,0.7938228208196394
8018,0.7938228208196394
8019,0.7938228208196394
8020,0.7938228208196394
8021,0.7938228208196394
8022,0.7938228208196394
8023,0.7938228208196394
8024,0.7938228208196394
8025,0.7938228208196394
8026,0.7938228208196394
8027,0.7938228208196394
8028,0.7938228208196394
8029,0.7938228208196394
8030,0.7938228208196394
8031,0.7938228208196394
8032,0.7938228208196394
8033,0.7938228208196394
8034,0.7938228208196394
8035,0.7938228208196394
8036,0.7938228208196394
8037,0.7938228208196394
8038,0.7938228208196394
8039,0.7938228208196394
8040,0.7308023706933178
8041,0.7308023706933178
8042,0.7308023706933178
8043,0.7308023706933178
8044,0.7308023706933178
8045,0.7308023706933178
8046,0.7308023706933178
8047,0.7308023706933178
8048,0.7308023706933178
8049,0.7308023706933178
8050,0.7308023706933178
8051,0.7308023706933178
8052,0.7308023706933178
8053,0.7308023706933178
8054,0.7308023706933178
8055,0.7308023706933178
8056,0.7308023706933178
8057,0.7308023706933178
8058,0.7308023706933178
8059,0.7308023706933178
8060,0.7308023706933178
8061,0.7308023706933178
8062,0.7308023706933178
8063,0.7308023706933178
8064,0.7950680026418594
8065,0.7950680026418594
8066,0.7950680026418594
8067,0.7950680026418594
8068,0.7950680026418594
8069,0.7950680026418594
8070,0.7950680026418594
8071,0.7950680026418594
8072,0.7950680026418594
8073,0.7950680026418594
8074,0.7950680026418594
8075,0.7950680026418594
8076,0.7950680026418594
8077,0.7950680026418594
8078,0.7950680026418594
8079,0.7950680026418594
8080,0.7950680026418594
8081,0.7950680026418594
8082,0.7950680026418594
8083,0.7950680026418594
8084,0.7950680026418594
8085,0.7950680026418594
8086,0.7950680026418594
8087,0.7950680026418594
8088,0.7677649553959203
8089,0.7677649553959203
8090,0.7677649553959203
8091,0.7677649553959203
8092,0.7677649553959203
8093,0.7677649553959203
8094,0.7677649553959203
8095,0.7677649553959203
8096,0.7677649553959203
8097,0.7677649553959203
8098,0.7677649553959203
8099,0.7677649553959203
8100,0.7677649553959203
8101,0.7677649553959203
8102,0.7677649553959203
8103,0.7677649553959203
8104,0.7677649553959203
8105,0.7677649553959203
8106,0.7677649553959203
8107,0.7677649553959203
8108,0.7677649553959203
8109,0.7677649553959203
8110,0.7677649553959203
8111,0.7677649553959203
8112,0.7314027127580466
8113,0.7314027127580466
8114,0.7314027127580466
8115,0.7314027127580466
8116,0.7314027127580466
8117,0.7314027127580466
8118,0.7314027127580466
8119,0.7314027127580466
8120,0.7314027127580466
8121,0.7314027127580466
8122,0.7314027127580466
8123,0.7314027127580466
8124,0.7314027127580466
8125,0.7314027127580466
8126,0.7314027127580466
8127,0.7314027127580466
8128,0.7314027127580466
8129,0.7314027127580466
8130,0.7314027127580466
8131,0.7314027127580466
8132,0.7314027127580466
8133,0.7314027127580466
8134,0.7314027127580466
8135,0.7314027127580466
8136,0.7049741435072591
8137,0.7049741435072591
8138,0.7049741435072591
8139,0.7049741435072591
8140,0.7049741435072591
8141,0.7049741435072591
8142,0.7049741435072591
8143,0.7049741435072591
8144,0.7049741435072591
8145,0.7049741435072591
8146,0.7049741435072591
8147,0.7049741435072591
8148,0.7049741435072591
8149,0.7049741435072591
8150,0.7049741435072591
8151,0.7049741435072591
8152,0.7049741435072591
8153,0.7049741435072591
8154,0.7049741435072591
8155,0.7049741435072591
8156,0.7049741435072591
8157,0.7049741435072591
8158,0.7049741435072591
8159,0.7049741435072591
8160,0.6706831296993845
8161,0.6706831296993845
8162,0.6706831296993845
8163,0.6706831296993845
8164,0.6706831296993845
8165,0.6706831296993845
8166,0.6706831296993845
8167,0.6706831296993845
8168,0.6706831296993845
8169,0.6706831296993845
8170,0.6706831296993845
8171,0.6706831296993845
8172,0.6706831296993845
8173,0.6706831296993845
8174,0.6706831296993845
8175,0.6706831296993845
8176,0.6706831296993845
8177,0.6706831296993845
8178,0.6706831296993845
8179,0.6706831296993845
8180,0.6706831296993845
8181,0.6706831296993845
8182,0.6706831296993845
8183,0.6706831296993845
8184,0.6620550711844155
8185,0.6620550711844155
8186,0.6620550711844155
8187,0.6620550711844155
8188,0.6620550711844155
8189,0.6620550711844155
8190,0.6620550711844155
8191,0.6620550711844155
8192,0.6620550711844155
8193,0.6620550711844155
8194,0.6620550711844155
8195,0.6620550711844155
8196,0.6620550711844155
8197,0.6620550711844155
8198,0.6620550711844155
8199,0.6620550711844155
8200,0.6620550711844155
8201,0.6620550711844155
8202,0.6620550711844155
8203,0.6620550711844155
8204,0.6620550711844155
8205,0.6620550711844155
8206,0.6620550711844155
8207,0.6620550711844155
8208,0.6374855166534915
8209,0.6374855166534915
8210,0.6374855166534915
8211,0.6374855166534915
8212,0.6374855166534915
8213,0.6374855166534915
8214,0.6374855166534915
8215,0.6374855166534915
8216,0.6374855166534915
8217,0.6374855166534915
8218,0.6374855166534915
8219,0.6374855166534915
8220,0.6374855166534915
8221,0.6374855166534915
8222,0.6374855166534915
8223,0.6374855166534915
8224,0.6374855166534915
8225,0.6374855166534915
8226,0.6374855166534915
8227,0.6374855166534915
8228,0.6374855166534915
8229,0.6374855166534915
8230,0.6374855166534915
8231,0.6374855166534915
8232,0.6416937375289802
8233,0.6416937375289802
8234,0.6416937375289802
8235,0.6416937375289802
8236,0.6416937375289802
8237,0.6416937375289802
8238,0.6416937375289802
8239,0.6416937375289802
8240,0.6416937375289802
8241,0.6416937375289802
8242,0.6416937375289802
8243,0.6416937375289802
8244,0.6416937375289802
8245,0.6416937375289802
8246,0.6416937375289802
8247,0.6416937375289802
8248,0.6416937375289802
8249,0.6416937375289802
8250,0.6416937375289802
8251,0.6416937375289802
8252,0.6416937375289802
8253,0.6416937375289802
8254,0.6416937375289802
8255,0.6416937375289802
8256,0.6315290566030719
8257,0.6315290566030719
8258,0.6315290566030719
8259,0.6315290566030719
8260,0.6315290566030719
8261,0.6315290566030719
8262,0.6315290566030719
8263,0.6315290566030719
8264,0.6315290566030719
8265,0.6315290566030719
8266,0.6315290566030719
8267,0.6315290566030719
8268,0.6315290566030719
8269,0.6315290566030719
8270,0.6315290566030719
8271,0.6315290566030719
8272,0.6315290566030719
8273,0.6315290566030719
8274,0.6315290566030719
8275,0.6315290566030719
8276,0.6315290566030719
8277,0.6315290566030719
8278,0.6315290566030719
8279,0.6315290566030719
8280,0.7056228706096573
8281,0.7056228706096573
8282,0.7056228706096573
8283,0.7056228706096573
8284,0.7056228706096573
8285,0.7056228706096573
8286,0.7056228706096573
8287,0.7056228706096573
8288,0.7056228706096573
8289,0.7056228706096573
8290,0.7056228706096573
8291,0.7056228706096573
8292,0.7056228706096573
8293,0.7056228706096573
8294,0.7056228706096573
8295,0.7056228706096573
8296,0.7056228706096573
8297,0.7056228706096573
8298,0.7056228706096573
8299,0.7056228706096573
8300,0.7056228706096573
8301,0.7056228706096573
8302,0.7056228706096573
8303,0.7056228706096573
8304,0.7285356993949214
8305,0.7285356993949214
8306,0.7285356993949214
8307,0.7285356993949214
8308,0.7285356993949214
8309,0.7285356993949214
8310,0.7285356993949214
8311,0.7285356993949214
8312,0.7285356993949214
8313,0.7285356993949214
8314,0.7285356993949214
8315,0.7285356993949214
8316,0.7285356993949214
8317,0.7285356993949214
8318,0.7285356993949214
8319,0.7285356993949214
8320,0.7285356993949214
8321,0.7285356993949214
8322,0.7285356993949214
8323,0.7285356993949214
8324,0.7285356993949214
8325,0.7285356993949214
8326,0.7285356993949214
8327,0.7285356993949214
8328,0.719354507540487
8329,0.719354507540487
8330,0.719354507540487
8331,0.719354507540487
8332,0.719354507540487
8333,0.719354507540487
8334,0.719354507540487
8335,0.719354507540487
8336,0.719354507540487
8337,0.719354507540487
8338,0.719354507540487
8339,0.719354507540487
8340,0.719354507540487
8341,0.719354507540487
8342,0.719354507540487
8343,0.719354507540487
8344,0.719354507540487
8345,0.719354507540487
8346,0.719354507540487
8347,0.719354507540487
8348,0.719354507540487
8349,0.719354507540487
8350,0.719354507540487
8351,0.719354507540487
8352,0.6521585159677274
8353,0.6521585159677274
8354,0.6521585159677274
8355,0.6521585159677274
8356,0.6521585159677274
8357,0.6521585159677274
8358,0.6521585159677274
8359,0.6521585159677274
8360,0.6521585159677274
8361,0.6521585159677274
8362,0.6521585159677274
8363,0.6521585159677274
8364,0.6521585159677274
8365,0.6521585159677274
8366,0.6521585159677274
8367,0.6521585159677274
8368,0.6521585159677274
8369,0.6521585159677274
8370,0.6521585159677274
8371,0.6521585159677274
8372,0.6521585159677274
8373,0.6521585159677274
8374,0.6521585159677274
8375,0.6521585159677274
8376,0.6417908660120054
8377,0.6417908660120054
8378,0.6417908660120054
8379,0.6417908660120054
8380,0.6417908660120054
8381,0.6417908660120054
8382,0.6417908660120054
8383,0.6417908660120054
8384,0.6417908660120054
8385,0.6417908660120054
8386,0.6417908660120054
8387,0.6417908660120054
8388,0.6417908660120054
8389,0.6417908660120054
8390,0.6417908660120054
8391,0.6417908660120054
8392,0.6417908660120054
8393,0.6417908660120054
8394,0.6417908660120054
8395,0.6417908660120054
8396,0.6417908660120054
8397,0.6417908660120054
8398,0.6417908660120054
8399,0.6417908660120054
8400,0.6472558572249086
8401,0.6472558572249086
8402,0.6472558572249086
8403,0.6472558572249086
8404,0.6472558572249086
8405,0.6472558572249086
8406,0.6472558572249086
8407,0.6472558572249086
8408,0.6472558572249086
8409,0.6472558572249086
8410,0.6472558572249086
8411,0.6472558572249086
8412,0.6472558572249086
8413,0.6472558572249086
8414,0.6472558572249086
8415,0.6472558572249086
8416,0.6472558572249086
8417,0.6472558572249086
8418,0.6472558572249086
8419,0.6472558572249086
8420,0.6472558572249086
8421,0.6472558572249086
8422,0.6472558572249086
8423,0.6472558572249086
8424,0.6233965380693399
8425,0.6233965380693399
8426,0.6233965380693399
8427,0.6233965380693399
8428,0.6233965380693399
8429,0.6233965380693399
8430,0.6233965380693399
8431,0.6233965380693399
8432,0.6233965380693399
8433,0.6233965380693399
8434,0.6233965380693399
8435,0.6233965380693399
8436,0.6233965380693399
8437,0.6233965380693399
8438,0.6233965380693399
8439,0.6233965380693399
8440,0.6233965380693399
8441,0.6233965380693399
8442,0.6233965380693399
8443,0.6233965380693399
8444,0.6233965380693399
8445,0.6233965380693399
8446,0.6233965380693399
8447,0.6233965380693399
8448,0.6125542736273051
8449,0.6125542736273051
8450,0.6125542736273051
8451,0.6125542736273051
8452,0.6125542736273051
8453,0.6125542736273051
8454,0.6125542736273051
8455,0.6125542736273051
8456,0.6125542736273051
8457,0.6125542736273051
8458,0.6125542736273051
8459,0.6125542736273051
8460,0.6125542736273051
8461,0.6125542736273051
8462,0.6125542736273051
8463,0.6125542736273051
8464,0.6125542736273051
8465,0.6125542736273051
8466,0.6125542736273051
8467,0.6125542736273051
8468,0.6125542736273051
8469,0.6125542736273051
8470,0.6125542736273051
8471,0.6125542736273051
8472,0.6036014058490143
8473,0.6036014058490143
8474,0.6036014058490143
8475,0.6036014058490143
8476,0.6036014058490143
8477,0.6036014058490143
8478,0.6036014058490143
8479,0.6036014058490143
8480,0.6036014058490143
8481,0.6036014058490143
8482,0.6036014058490143
8483,0.6036014058490143
8484,0.6036014058490143
8485,0.6036014058490143
8486,0.6036014058490143
8487,0.6036014058490143
8488,0.6036014058490143
8489,0.6036014058490143
8490,0.6036014058490143
8491,0.6036014058490143
8492,0.6036014058490143
8493,0.6036014058490143
8494,0.6036014058490143
8495,0.6036014058490143
8496,0.5905717976765148
8497,0.5905717976765148
8498,0.5905717976765148
8499,0.5905717976765148
8500,0.5905717976765148
8501,0.5905717976765148
8502,0.5905717976765148
8503,0.5905717976765148
8504,0.5905717976765148
8505,0.5905717976765148
8506,0.5905717976765148
8507,0.5905717976765148
8508,0.5905717976765148
8509,0.5905717976765148
8510,0.5905717976765148
8511,0.5905717976765148
8512,0.5905717976765148
8513,0.5905717976765148
8514,0.5905717976765148
8515,0.5905717976765148
8516,0.5905717976765148
8517,0.5905717976765148
8518,0.5905717976765148
8519,0.5905717976765148
8520,0.5931537850295132
8521,0.5931537850295132
8522,0.5931537850295132
8523,0.5931537850295132
8524,0.5931537850295132
8525,0.5931537850295132
8526,0.5931537850295132
8527,0.5931537850295132
8528,0.5931537850295132
8529,0.5931537850295132
8530,0.5931537850295132
8531,0.5931537850295132
8532,0.5931537850295132
8533,0.5931537850295132
8534,0.5931537850295132
8535,0.5931537850295132
8536,0.5931537850295132
8537,0.5931537850295132
8538,0.5931537850295132
8539,0.5931537850295132
8540,0.5931537850295132
8541,0.5931537850295132
8542,0.5931537850295132
8543,0.5931537850295132
8544,0.7138258300386855
8545,0.7138258300386855
8546,0.7138258300386855
8547,0.7138258300386855
8548,0.7138258300386855
8549,0.7138258300386855
8550,0.7138258300386855
8551,0.7138258300386855
8552,0.7138258300386855
8553,0.7138258300386855
8554,0.7138258300386855
8555,0.7138258300386855
8556,0.7138258300386855
8557,0.7138258300386855
8558,0.7138258300386855
8559,0.7138258300386855
8560,0.7138258300386855
8561,0.7138258300386855
8562,0.7138258300386855
8563,0.7138258300386855
8564,0.7138258300386855
8565,0.7138258300386855
8566,0.7138258300386855
8567,0.7138258300386855
8568,0.85
8569,0.85
8570,0.85
8571,0.85
8572,0.85
8573,0.85
8574,0.85
8575,0.85
8576,0.85
8577,0.85
8578,0.85
8579,0.85
8580,0.85
8581,0.85
8582,0.85
8583,0.85
8584,0.85
8585,0.85
8586,0.85
8587,0.85
8588,0.85
8589,0.85
8590,0.85
8591,0.85
8592,0.85
8593,0.85
8594,0.85
8595,0.85
8596,0.85
8597,0.85
8598,0.85
8599,0.85
8600,0.85
8601,0.85
8602,0.85
8603,0.85
8604,0.85
8605,0.85
8606,0.85
8607,0.85
8608,0.85
8609,0.85
8610,0.85
8611,0.85
8612,0.85
8613,0.85
8614,0.85
8615,0.85
8616,0.85
8617,0.85
8618,0.85
8619,0.85
8620,0.85
8621,0.85
8622,0.85
8623,0.85
8624,0.85
8625,0.85
8626,0.85
8627,0.85
8628,0.85
8629,0.85
8630,0.85
8631,0.85
8632,0.85
8633,0.85
8634,0.85
8635,0.85
8636,0.85
8637,0.85
8638,0.85
8639,0.85
8640,0.85
8641,0.85
8642,0.85
8643,0.85
8644,0.85
8645,0.85
8646,0.85
8647,0.85
8648,0.85
8649,0.85
8650,0.85
8651,0.85
8652,0.85
8653,0.85
8654,0.85
8655,0.85
8656,0.85
8657,0.85
8658,0.85
8659,0.85
8660,0.85
8661,0.85
8662,0.85
8663,0.85
8664,0.8346106539998579
8665,0.8346106539998579
8666,0.8346106539998579
8667,0.8346106539998579
8668,0.8346106539998579
8669,0.8346106539998579
8670,0.8346106539998579
8671,0.8346106539998579
8672,0.8346106539998579
8673,0.8346106539998579
8674,0.8346106539998579
8675,0.8346106539998579
8676,0.8346106539998579
8677,0.8346106539998579
8678,0.8346106539998579
8679,0.8346106539998579
8680,0.8346106539998579
8681,0.8346106539998579
8682,0.8346106539998579
8683,0.8346106539998579
8684,0.8346106539998579
8685,0.8346106539998579
8686,0.8346106539998579
8687,0.8346106539998579
8688,0.85
8689,0.85
8690,0.85
8691,0.85
8692,0.85
8693,0.85
8694,0.85
8695,0.85
8696,0.85
8697,0.85
8698,0.85
8699,0.85
8700,0.85
8701,0.85
8702,0.85
8703,0.85
8704,0.85
8705,0.85
8706,0.85
8707,0.85
8708,0.85
8709,0.85
8710,0.85
8711,0.85
8712,0.838344242009152
8713,0.838344242009152
8714,0.838344242009152
8715,0.838344242009152
8716,0.838344242009152
8717,0.838344242009152
8718,0.838344242009152
8719,0.838344242009152
8720,0.838344242009152
8721,0.838344242009152
8722,0.838344242009152
8723,0.838344242009152
8724,0.838344242009152
8725,0.838344242009152
8726,0.838344242009152
8727,0.838344242009152
8728,0.838344242009152
8729,0.838344242009152
8730,0.838344242009152
8731,0.838344242009152
8732,0.838344242009152
8733,0.838344242009152
8734,0.838344242009152
8735,0.838344242009152
8736,0.826318074269338
8737,0.826318074269338
8738,0.826318074269338
8739,0.826318074269338
8740,0.826318074269338
8741,0.826318074269338
8742,0.826318074269338
8743,0.826318074269338
8744,0.826318074269338
8745,0.826318074269338
8746,0.826318074269338
8747,0.826318074269338
8748,0.826318074269338
8749,0.826318074269338
8750,0.826318074269338
8751,0.826318074269338
8752,0.826318074269338
8753,0.826318074269338
8754,0.826318074269338
8755,0.826318074269338
8756,0.826318074269338
8757,0.826318074269338
8758,0.826318074269338
8759,0.826318074269338
